(title "Static Temperature")
(labels "Static Temperature" "Position")

((xy/key/label "x0.01")
1405.76	0.1
1241.31	0.100225
1133.31	0.100453
1034.07	0.100685
949.134	0.100919
877.65	0.101157
856.566	0.101247
825.341	0.101398
784.641	0.101643
749.523	0.10189
721.095	0.102142
699.937	0.102397
692.248	0.102545
688.004	0.102655
681.475	0.102917
676.238	0.103182
672.691	0.103452
670.463	0.103725
669.871	0.103897
669.8	0.104002
669.037	0.104283
667.906	0.104568
667.055	0.104857
668.234	0.10515
672.194	0.105756
672.487	0.105861
677.312	0.107054
677.354	0.107061
677.645	0.107092
691.598	0.108538
696.152	0.108973
710.371	0.110086
713.817	0.1103
723.023	0.110791
741.782	0.111791
752.45	0.112305
785.163	0.113898
798.224	0.114518
802.517	0.114725
831.401	0.116057
848.505	0.116852
878.282	0.118331
898.293	0.119435
931.137	0.121371
945.948	0.122341
982.11	0.125202
984.721	0.125478
1014.42	0.128406
1016.09	0.128625
1034.45	0.130874
1035.13	0.130977
1052.37	0.133261
1052.68	0.133328
1056.54	0.133982
1078.3	0.137585
1082.15	0.138272
1089.67	0.140358
1095.8	0.142358
1101.01	0.144381
1102.41	0.145353
1107.85	0.148121
1111.1	0.149639
1112.42	0.150255
1123.11	0.156209
1125.03	0.157037
1136.03	0.163945
1138.71	0.16538
1140.41	0.166279
1140.71	0.168
)

((xy/key/label "x0.02")
1623.55	0.1
1617.65	0.100225
1614.49	0.100453
1614.92	0.100684
1616.14	0.100919
1617.65	0.101156
1618.9	0.101396
1618.74	0.101532
1618.72	0.10164
1612.55	0.101887
1596.31	0.102137
1568.29	0.10239
1528.27	0.102647
1476.64	0.102907
1424.25	0.103128
1413.84	0.103171
1341.24	0.103438
1265.41	0.103709
1190.04	0.103984
1118.59	0.104262
1054.99	0.104544
1008.64	0.104791
1001.22	0.10483
954.151	0.10512
858.146	0.105874
836.283	0.10604
803.19	0.106353
703.453	0.107254
672.375	0.107621
622.319	0.108187
587.57	0.10934
583.114	0.109518
584.592	0.109674
596.975	0.111027
609.448	0.111882
627.821	0.113239
640.151	0.114113
647.418	0.114587
676.261	0.116281
683.96	0.116734
685.38	0.116811
687.123	0.116899
715.99	0.118327
753.753	0.120269
758.33	0.120507
768.861	0.121079
807.284	0.123122
822.939	0.124088
844.01	0.125366
878.075	0.127998
882.427	0.128322
892.665	0.129227
905.957	0.130375
921.601	0.131741
929.729	0.132447
946.083	0.13416
965.609	0.136153
978.311	0.137809
1006.38	0.141801
1010.93	0.14265
1020.94	0.144848
1035.41	0.147796
1037.69	0.148367
1049.43	0.152326
1055.25	0.154273
1062.54	0.156932
1069.19	0.159096
1079.56	0.162904
1084.19	0.164536
1091.11	0.168
)

((xy/key/label "x0.03")
1582.63	0.1
1573.92	0.100225
1572.54	0.100453
1574.17	0.100684
1576.04	0.100918
1577.92	0.101155
1579.72	0.101395
1581.38	0.101637
1582.83	0.101883
1582.9	0.101898
1584.07	0.102133
1584.87	0.102385
1584.96	0.102641
1583.61	0.1029
1579.96	0.103162
1572.57	0.103428
1559.04	0.103697
1544.31	0.103881
1537.31	0.103969
1506.83	0.104245
1468.8	0.104525
1422.47	0.104809
1356.02	0.105096
1162.31	0.105865
1125.18	0.106014
1013.17	0.106616
912.439	0.107152
902.672	0.107212
894.826	0.107291
772.392	0.10839
737.487	0.10902
718.25	0.109375
699.684	0.109931
668.616	0.110938
623.915	0.112435
621.816	0.1125
620.7	0.112598
587.315	0.114884
592.4	0.115829
597.478	0.116281
605.112	0.116806
624.208	0.118161
644.149	0.119418
651.024	0.119823
665.202	0.120663
686.549	0.121921
708.68	0.123285
733.997	0.12479
752.384	0.12601
783.56	0.128137
807.742	0.130032
825.961	0.131632
831	0.132096
854.927	0.134294
882.065	0.137111
892.281	0.138159
896.675	0.138602
900.863	0.139092
925.388	0.141861
951.041	0.145486
975.353	0.149814
990.778	0.153272
996.489	0.154625
998.38	0.15522
1015.68	0.160425
1016.38	0.160653
1022.43	0.162615
1032.78	0.165916
1038.95	0.168
1034.62	0.166497
1032.78	0.165916
)

((xy/key/label "x0.04")
1559.52	0.1
1546.74	0.100225
1545.89	0.100453
1547.72	0.100684
1549.76	0.100917
1551.83	0.101154
1553.84	0.101393
1555.72	0.101636
1557.39	0.101881
1558.77	0.102129
1559.72	0.102381
1559.73	0.102389
1560.1	0.102636
1559.62	0.102894
1557.76	0.103155
1553.81	0.103419
1546.78	0.103687
1535.5	0.103958
1519.05	0.104232
1496.02	0.10451
1462.87	0.104792
1446.57	0.104894
1417.18	0.105077
1403.09	0.10515
1168.04	0.106323
1023.46	0.107112
896.324	0.107811
783.46	0.108881
730.663	0.109375
717.149	0.109688
664.241	0.110938
642.553	0.112456
641.913	0.1125
641.083	0.112583
620.058	0.114931
602.399	0.116948
599.299	0.117252
598.291	0.117544
596.649	0.11912
610.342	0.120663
614.427	0.121092
627.058	0.12199
647.643	0.123444
664.507	0.124572
686.359	0.126086
700.962	0.127127
726.806	0.12915
990.875	0.168
984.164	0.165941
976.438	0.163859
964.173	0.160409
947.818	0.156536
938.575	0.154443
918.749	0.15078
907.176	0.148878
884.424	0.145553
872.568	0.143953
856.533	0.141897
840.677	0.140088
835.632	0.1395
821.767	0.138057
805.551	0.136333
797.265	0.135526
779.574	0.133781
727.545	0.129213
727.138	0.129177
726.977	0.129163
726.806	0.12915
)

((xy/key/label "x0.05")
1546.09	0.1
1532.89	0.100225
1533.83	0.100453
1535.76	0.100684
1537.84	0.100917
1539.92	0.101153
1541.88	0.101392
1543.62	0.101634
1545.04	0.101879
1545.98	0.102127
1546.22	0.102378
1545.5	0.102632
1543.43	0.102889
1540.45	0.10308
1539.38	0.103149
1532.42	0.103412
1182.03	0.106147
1296.48	0.10552
1009.48	0.107083
922.998	0.107591
946.067	0.168
945.128	0.167748
938.959	0.166028
933.113	0.164547
925.048	0.162435
915.368	0.160092
910.254	0.158854
899.392	0.156652
888.818	0.15449
873.994	0.151954
865.143	0.15046
842.096	0.147062
828.718	0.145228
796.707	0.141342
795.105	0.141141
794.543	0.141074
793.256	0.140934
756.628	0.136843
733.951	0.134493
724.057	0.133437
703.782	0.131459
697.371	0.130837
692.55	0.130429
653.84	0.127097
650.008	0.126786
627.158	0.124699
619.238	0.123863
614.635	0.12299
608.434	0.120553
608.187	0.120314
608.186	0.119495
608.427	0.117765
608.779	0.11742
608.289	0.116741
606.222	0.115194
608.482	0.114013
610.873	0.113346
628.305	0.112021
630.619	0.111824
635.773	0.111647
686.115	0.109969
741.107	0.109131
796.84	0.108512
922.998	0.107591
1296.48	0.10552
1377.55	0.105062
1420.72	0.104778
1456.6	0.104498
1484.55	0.104222
1505.85	0.103949
1521.54	0.103679
1532.42	0.103412
)

((xy/key/label "x0.06")
905.762	0.168
891.452	0.164264
891.433	0.164259
891.42	0.164255
884.085	0.162308
874.857	0.160173
867.538	0.158535
843.115	0.154023
840.823	0.153588
837.926	0.153109
816.939	0.149789
814.168	0.149347
813.656	0.14927
781.707	0.144861
775.653	0.144084
745.693	0.140375
733.053	0.138897
711.917	0.136396
700.217	0.135077
676.94	0.132445
671.781	0.131903
643.724	0.12851
638.174	0.127889
623.201	0.125036
620.383	0.12454
618.421	0.1238
613.071	0.121979
603.37	0.119643
602.507	0.119413
599.941	0.11889
590.645	0.11704
589.638	0.116507
588.686	0.114675
594.173	0.113632
605.335	0.112332
623.033	0.111259
627.386	0.11111
657.349	0.11023
700.563	0.109456
773.193	0.108461
862.965	0.107651
991.212	0.106747
1098.95	0.106112
1269.97	0.105223
1304	0.105049
1358.74	0.104767
1404.78	0.104488
1440.74	0.104213
1449.95	0.104125
1469.04	0.103941
1491.3	0.103672
1508.39	0.103407
1520.96	0.103144
1529.63	0.102885
1535.19	0.102628
1538.52	0.102375
1540.14	0.102125
1540.48	0.101877
1540.03	0.101633
1539.03	0.101391
1537.66	0.101153
1536.05	0.100917
1534.34	0.100683
1532.68	0.100453
1529.99	0.100225
1538.71	0.1
)

((xy/key/label "x0.07")
869.942	0.168
856.541	0.164438
854.695	0.16398
847.737	0.162431
827.616	0.157859
822.067	0.15678
801.856	0.153106
793.324	0.151724
774.607	0.148802
760.363	0.146753
744.709	0.144591
725.105	0.141957
714.362	0.140568
689.248	0.137384
682.464	0.136546
666.837	0.134559
665.763	0.134419
651.761	0.132523
646.051	0.131478
638.51	0.130208
631.438	0.128214
630.109	0.127804
628.849	0.127401
621.627	0.125
616.505	0.123832
609.542	0.122589
604.814	0.121875
596.308	0.120631
585.138	0.119019
582.072	0.118544
579.29	0.11767
575.92	0.116758
576.577	0.115495
577.21	0.114863
578.35	0.11461
582.237	0.113779
591.321	0.112844
600.232	0.111973
622.677	0.11081
624.305	0.11073
625.865	0.110694
683.804	0.109219
731.238	0.108563
790.867	0.107757
891.49	0.106893
910.82	0.106714
936.317	0.106541
1053.68	0.105797
1173.56	0.105198
1220.05	0.104966
1280.05	0.10469
1334	0.104415
1379.28	0.104143
1416.92	0.103876
1448.07	0.103612
1473.22	0.103351
1492.86	0.103093
1507.63	0.102838
1518.17	0.102586
1525.27	0.102337
1529.9	0.102091
1532.81	0.101848
1534.47	0.101607
1535.16	0.10137
1535.12	0.101135
1534.61	0.100902
1533.77	0.100673
1532.8	0.100446
1529.87	0.100222
1533.01	0.1
)

((xy/key/label "x0.08")
839.189	0.168
837.554	0.16756
827.17	0.164903
821.505	0.163436
816.732	0.16236
796.749	0.157988
781.199	0.154977
763.676	0.151863
741.023	0.148166
736.524	0.147483
714.196	0.1442
711.751	0.143837
711.232	0.143761
685.876	0.140191
680.555	0.139404
660.679	0.13643
654.779	0.135361
643.414	0.132743
640.569	0.132149
639.731	0.131863
630.352	0.128778
627.208	0.127801
614.471	0.125139
613.806	0.125
613.226	0.124917
600.037	0.123047
588.545	0.121377
586.152	0.120995
583.72	0.120442
576.493	0.118878
574.665	0.118013
572.946	0.116637
576.227	0.114935
577.279	0.114584
580.803	0.114037
588.09	0.112865
594.367	0.11237
609.955	0.1111
624.104	0.110388
636.204	0.109974
664.32	0.109185
721.741	0.108233
761.347	0.107658
907.827	0.106258
909.145	0.106246
912.599	0.106225
1105.5	0.105
1167.29	0.104721
1232.51	0.104446
1290.79	0.104174
1340.79	0.103906
1383.12	0.10364
1418.48	0.103377
1447.52	0.103118
1470.85	0.102861
1489.03	0.102607
1502.53	0.102357
1512.07	0.102109
1518.7	0.101863
1523.31	0.101621
1526.46	0.101382
1528.53	0.101145
1529.81	0.100911
1530.38	0.100679
1530.42	0.10045
1528.77	0.100224
1527.36	0.1
)

((xy/key/label "x0.09")
811.733	0.168
810.853	0.167781
795.272	0.163826
789.404	0.162337
777.189	0.159548
775.465	0.159143
769.563	0.157957
747.299	0.153462
738.102	0.151783
709.938	0.146972
709.85	0.146958
695.112	0.144608
690.976	0.143984
667.461	0.140208
666.963	0.140123
655.773	0.13772
647.446	0.135589
642.247	0.133907
638.027	0.132457
633.668	0.13104
624.024	0.128703
621.822	0.128196
609.071	0.126011
604.416	0.125205
600.532	0.124576
588.529	0.122638
585.268	0.122129
577.288	0.120465
575.801	0.120055
572.329	0.11875
571.9	0.117953
571.74	0.117188
575.013	0.115851
575.658	0.115625
577.111	0.115369
584.291	0.114062
589.658	0.113446
597.776	0.1125
610.469	0.111474
617.085	0.110937
648.307	0.109574
652.257	0.109397
656.77	0.109294
739.74	0.107684
759.787	0.107287
762.104	0.107258
778.735	0.107083
882.365	0.105986
928.786	0.105656
1020.07	0.105016
1073.36	0.104737
1132.02	0.104461
1190.1	0.104189
1245.98	0.10392
1298.01	0.103653
1344.61	0.10339
1384.85	0.10313
1418.52	0.102872
1445.93	0.102618
1467.5	0.102366
1483.71	0.102117
1495.45	0.101871
1503.96	0.101628
1510.21	0.101388
1514.78	0.10115
1518.07	0.100915
1520.37	0.100682
1521.9	0.100452
1523.11	0.100225
1520.32	0.1
)

((xy/key/label "x0.1")
788.03	0.168
780.823	0.166058
769.652	0.163231
753.484	0.159446
747.795	0.158119
742.511	0.156983
717.221	0.151796
711.42	0.150708
696.442	0.147902
679.409	0.144839
677.395	0.144494
675.306	0.144092
667.005	0.142385
661.929	0.141006
651.891	0.138585
649.202	0.137732
646.152	0.136737
639.804	0.134498
633.434	0.132642
627.695	0.131216
622.186	0.13005
612.463	0.12818
602.192	0.126339
593.244	0.12465
585.275	0.123074
585.029	0.123005
576.643	0.120411
576.117	0.119721
575.418	0.11875
577.883	0.117459
579.634	0.116667
582.792	0.11606
589.165	0.114773
594.904	0.114008
605.64	0.112693
607.194	0.1125
609.37	0.112311
625.543	0.110938
651.823	0.109521
654.501	0.109375
659.432	0.109237
713.231	0.107761
827.18	0.106164
830.034	0.106124
832.771	0.1061
961.52	0.105017
1011.63	0.104739
1067.76	0.104463
1122.4	0.104191
1175.05	0.103922
1225.9	0.103655
1274.29	0.103392
1318.99	0.103132
1358.91	0.102874
1393.46	0.10262
1422.39	0.102368
1445.56	0.102119
1463.16	0.101873
1476.22	0.10163
1486.16	0.101389
1493.85	0.101151
1499.76	0.100916
1504.28	0.100683
1507.66	0.100453
1512.88	0.100225
1512.85	0.1
)
