(title "Static Temperature")
(labels "Static Temperature" "Position")

((xy/key/label "wall_y_normal_x00373")
1564.48	0.1
1552.39	0.100225
1551.28	0.100453
1553.09	0.100684
1555.13	0.100918
1557.21	0.101154
1559.23	0.101394
1560.54	0.101558
1561.17	0.101636
1562.97	0.101882
1564.51	0.10213
1565.67	0.102382
1566.29	0.102637
1566.11	0.102895
1564.38	0.103156
1560.35	0.103421
1553.08	0.103689
1545.04	0.103872
1541.17	0.103961
1523.76	0.104236
1499.98	0.104514
1466.68	0.104796
1419.7	0.105082
1318.13	0.105571
1196.94	0.106155
1012.47	0.107049
983.06	0.107202
824.292	0.108274
797.947	0.108546
729.552	0.109375
692.386	0.110377
670.774	0.110938
663.369	0.111428
645.696	0.1125
632.278	0.113424
621.676	0.11431
614.644	0.11492
600.476	0.116018
592.607	0.117213
591.422	0.117441
594.423	0.117856
607.725	0.119697
613.163	0.120081
636.349	0.121761
659.246	0.123225
683.539	0.124825
700.714	0.126047
719.552	0.12732
736.304	0.128595
749.28	0.129585
773.052	0.13168
786.422	0.132849
805.336	0.13468
914.931	0.147596
905.493	0.146189
944.153	0.152537
944.562	0.152622
947.748	0.153356
1003.46	0.168
996.277	0.165805
993.152	0.164837
980.647	0.16133
971.595	0.158783
968.908	0.158147
947.748	0.153356
905.493	0.146189
878.134	0.142529
869.097	0.141418
852.629	0.139533
848.907	0.1391
847.241	0.138926
821.734	0.136275
805.336	0.13468
)
