-0.2	250
-0.197902	250
-0.193131	250
-0.182512	250
-0.176153	250
-0.169744	250.002
-0.160669	250.002
-0.158227	249.985
-0.150403	249.989
-0.141522	249.307
-0.138192	249.321
-0.127832	267.474
-0.1273	269.636
-0.125988	307.218
-0.117626	533.146
-0.114335	783.155
-0.110012	1141.1
-0.104973	1370.68
-0.103096	1450.38
-0.100947	1455.28
-0.0968843	1466.46
-0.0952144	1468.14
-0.0898939	1470.99
-0.0884269	1471.89
-0.0828378	1475.47
-0.0800951	1476.7
-0.0762339	1479
-0.0718772	1481.13
-0.0691686	1482.27
-0.0670581	1483.34
-0.0651788	1484.36
-0.0615258	1486.2
-0.060984	1486.49
-0.0547805	1489.74
-0.0546459	1489.81
-0.0514555	1491.57
-0.0483049	1493.17
-0.0481568	1493.25
-0.0479599	1493.34
-0.0441777	1495.43
-0.0418529	1496.64
-0.0404733	1497.33
-0.0389273	1498.08
-0.0367871	1499.24
-0.0354551	1499.94
-0.034149	1500.57
-0.0319749	1501.65
-0.0307874	1502.27
-0.0304397	1502.46
-0.0287646	1503.28
-0.0281653	1503.61
-0.0267113	1504.27
-0.0254526	1504.89
-0.0235753	1505.67
-0.0218804	1506.43
-0.0205565	1506.92
-0.0186062	1507.72
-0.0182715	1507.84
-0.0169975	1508.29
-0.0163912	1508.49
-0.0151869	1508.89
-0.0143822	1509.13
-0.0134151	1509.42
-0.0119231	1509.8
-0.011645	1509.88
-0.0109371	1510.03
-0.0098362	1510.26
-0.00909693	1510.39
-0.00810871	1510.56
-0.00684062	1510.75
-0.00643129	1510.81
-0.00627763	1510.84
-0.0050173	1511.09
-0.00473872	1511.13
-0.00446328	1511.17
-0.00419094	1511.2
-0.00392167	1511.24
-0.00365542	1511.26
-0.00339215	1511.27
-0.00313183	1511.27
-0.00287442	1511.25
-0.00261989	1511.23
-0.0023682	1511.21
-0.00211932	1511.2
-0.0018732	1511.22
-0.00162982	1511.27
-0.00138914	1511.37
-0.00115113	1511.52
-0.000915763	1511.72
-0.000682995	1511.96
-0.0004528	1512.19
-0.000225145	1512.43
-1.94289e-16	1513.62
