(title "Total Temperature")
(labels "Total Temperature" "Position")

((xy/key/label "wall_y_normal_x00373")
1575.84	0.1
1575.11	0.100225
1574.07	0.100453
1573.38	0.100684
1572.72	0.100918
1572.05	0.101154
1571.37	0.101394
1570.89	0.101558
1570.66	0.101636
1569.93	0.101882
1569.16	0.10213
1568.32	0.102382
1567.4	0.102637
1566.36	0.102895
1564.77	0.103156
1562.5	0.103421
1559.74	0.103689
1557.56	0.103872
1556.53	0.103961
1553.06	0.104236
1549.49	0.104514
1545.7	0.104796
1542.17	0.105082
1536.95	0.105571
1530.15	0.106155
1521.62	0.107049
1520.29	0.107202
1514.34	0.108274
1513.59	0.108546
1512.09	0.109375
1511.58	0.110377
1511.24	0.110938
1510.99	0.111428
1510.47	0.1125
1510.03	0.113424
1509.63	0.11431
1509.37	0.11492
1508.87	0.116018
1508.57	0.117213
1508.52	0.117441
1508.48	0.117856
1508.32	0.119697
1508.31	0.120081
1508.26	0.121761
1508.29	0.123225
1508.35	0.124825
1508.46	0.126047
1508.56	0.12732
1508.74	0.128595
1508.87	0.129585
1509.23	0.13168
1509.44	0.132849
1509.85	0.13468
1511.62	0.147596
1511.56	0.146189
1511.82	0.152537
1511.83	0.152622
1511.85	0.153356
1512.34	0.168
1512.37	0.165805
1512.38	0.164837
1512.2	0.16133
1512.07	0.158783
1512.04	0.158147
1511.85	0.153356
1511.56	0.146189
1511.27	0.142529
1511.15	0.141418
1510.86	0.139533
1510.79	0.1391
1510.76	0.138926
1510.19	0.136275
1509.85	0.13468
)
