(title "Static Temperature")
(labels "Static Temperature" "Position")

((xy/key/label "boundary_layer")
3704.58	0.1
3686.56	0.100225
3661.73	0.100453
3656.79	0.100683
3652.67	0.100916
3649.25	0.101151
3646.46	0.101389
3644.34	0.10163
3642.93	0.101873
3642.33	0.102119
3642.67	0.102368
3644.12	0.10262
3646.88	0.102874
3651.2	0.103132
3657.35	0.103392
3665.69	0.103655
3676.57	0.103922
3690.44	0.104191
3707.77	0.104463
3729.09	0.104739
3754.98	0.105017
3920.59	0.1061
3924.27	0.106124
3935.45	0.106164
4369.09	0.107761
4990.55	0.109237
5048.33	0.109375
5113.34	0.109521
5749.78	0.110938
6142.19	0.112311
6191.07	0.1125
6161.37	0.112693
5970.36	0.114008
5835.28	0.114773
5310.47	0.11606
5067.98	0.116667
4637.89	0.117459
3941.18	0.11875
3414.73	0.119721
3054.33	0.120411
1976.28	0.123005
1952.38	0.123074
1529.77	0.12465
1207.13	0.126339
935.805	0.128
)
