(title "Velocity Magnitude")
(labels "Velocity Magnitude" "Position")

((xy/key/label "boundary_layer")
0	0.1
34.7185	0.100225
47.0802	0.100453
61.3911	0.100683
76.8933	0.100916
93.2922	0.101151
110.604	0.101389
128.926	0.10163
148.386	0.101873
169.118	0.102119
191.263	0.102368
214.96	0.10262
240.353	0.102874
267.586	0.103132
296.806	0.103392
328.159	0.103655
361.787	0.103922
397.834	0.104191
436.432	0.104463
477.713	0.104739
521.832	0.105017
721.812	0.1061
726.2	0.106124
735.942	0.106164
1114.99	0.107761
1578.31	0.109237
1621.83	0.109375
1676.23	0.109521
2204.81	0.110938
2719.41	0.112311
2789.35	0.1125
2833.59	0.112693
3152.91	0.114008
3301.07	0.114773
3290.27	0.11606
3290.22	0.116667
3154.29	0.117459
2936.06	0.11875
2722.37	0.119721
2573.48	0.120411
2085.41	0.123005
2074.35	0.123074
1867.53	0.12465
1699.57	0.126339
1551.14	0.128
)
