-0.2	5
-0.197902	5
-0.193131	5
-0.182512	5
-0.176153	5
-0.169744	4.99998
-0.160669	4.99998
-0.158227	5.00019
-0.150403	5.00013
-0.141522	5.00835
-0.138192	5.00821
-0.127832	4.81486
-0.1273	4.79427
-0.125988	4.58715
-0.117626	3.30968
-0.114335	2.46261
-0.110012	1.27024
-0.104973	0.664213
-0.103096	0.45199
-0.100947	0.433179
-0.0968843	0.389562
-0.0952144	0.381511
-0.0898939	0.36865
-0.0884269	0.363997
-0.0828378	0.346657
-0.0800951	0.340462
-0.0762339	0.328935
-0.0718772	0.31733
-0.0691686	0.311433
-0.0670581	0.305364
-0.0651788	0.299668
-0.0615258	0.288983
-0.060984	0.287282
-0.0547805	0.267356
-0.0546459	0.266925
-0.0514555	0.255342
-0.0483049	0.244709
-0.0481568	0.244172
-0.0479599	0.243468
-0.0441777	0.228628
-0.0418529	0.219776
-0.0404733	0.214333
-0.0389273	0.208264
-0.0367871	0.199139
-0.0354551	0.193398
-0.034149	0.187726
-0.0319749	0.178002
-0.0307874	0.172551
-0.0304397	0.170833
-0.0287646	0.162967
-0.0281653	0.159882
-0.0267113	0.152931
-0.0254526	0.146356
-0.0235753	0.137403
-0.0218804	0.128367
-0.0205565	0.122094
-0.0186062	0.111534
-0.0182715	0.10992
-0.0169975	0.103359
-0.0163912	0.100484
-0.0151869	0.0943338
-0.0143822	0.0905089
-0.0134151	0.0857038
-0.0119231	0.0789015
-0.011645	0.077554
-0.0109371	0.074535
-0.0098362	0.0701873
-0.00909693	0.0678215
-0.00810871	0.0644634
-0.00684062	0.0614435
-0.00643129	0.0606023
-0.00627763	0.0604362
-0.0050173	0.0588211
-0.00473872	0.0586293
-0.00446328	0.0585531
-0.00419094	0.0585849
-0.00392167	0.0587278
-0.00365542	0.0589765
-0.00339215	0.05932
-0.00313183	0.0597455
-0.00287442	0.0602401
-0.00261989	0.0607917
-0.0023682	0.0613942
-0.00211932	0.0620465
-0.0018732	0.0627497
-0.00162982	0.0635096
-0.00138914	0.0643386
-0.00115113	0.0652595
-0.000915763	0.0663016
-0.000682995	0.0674485
-0.0004528	0.0685427
-0.000225145	0.0675435
-1.94289e-16	0.0660615
