-0.114335	583.258
-0.117626	319.367
-0.125988	263.709
-0.1273	253.743
-0.127832	253.523
-0.138192	249.596
-0.141522	249.748
-0.150403	250.032
-0.158227	250.001
-0.160669	249.996
-0.169744	250
-0.176153	250
-0.182512	250
-0.193131	250
-0.197902	250
-0.2	250
-0.103096	1432.74
-0.104973	1313.93
-0.100947	1440.63
-0.0968843	1455.75
-0.0952144	1457.56
-0.0898939	1462
-0.0884269	1463.3
-0.0828378	1466.81
-0.0800951	1469.37
-0.0762339	1471.73
-0.0718772	1474.86
-0.0691686	1476.9
-0.0670581	1478.11
-0.0651788	1479.06
-0.0615258	1481
-0.060984	1481.25
-0.0547805	1483.94
-0.0546459	1483.99
-0.0514555	1484.98
-0.0483049	1486.09
-0.0481568	1486.14
-0.0479599	1486.19
-0.0441777	1487.12
-0.0418529	1487.71
-0.0404733	1488.01
-0.0389273	1488.34
-0.0367871	1488.72
-0.0354551	1488.96
-0.034149	1489.16
-0.0319749	1489.47
-0.0307874	1489.63
-0.0304397	1489.68
-0.0287646	1489.89
-0.0281653	1489.97
-0.0267113	1490.13
-0.0254526	1490.26
-0.0235753	1490.44
-0.0218804	1490.58
-0.0205565	1490.68
-0.0186062	1490.85
-0.0182715	1490.87
-0.0169975	1490.97
-0.0163912	1491.02
-0.0151869	1491.13
-0.0143822	1491.21
-0.0134151	1491.28
-0.0119231	1491.41
-0.011645	1491.44
-0.0109371	1491.49
-0.0098362	1491.58
-0.00909693	1491.6
-0.00810871	1491.61
-0.00684062	1493.26
-0.00643129	1493.62
-0.00627763	1494.88
-0.0050173	1517
-0.00473872	1526.11
-0.00446328	1532.68
-0.00419094	1536.57
-0.00392167	1539.57
-0.00365542	1541.99
-0.00339215	1544.03
-0.00313183	1545.8
-0.00287442	1547.35
-0.00261989	1548.74
-0.0023682	1549.87
-0.00211932	1550.73
-0.0018732	1551.42
-0.00162982	1552.03
-0.00138914	1552.58
-0.00115113	1553.07
-0.000915763	1553.49
-0.000682995	1553.83
-0.0004528	1554.12
-0.000225145	1554.59
-1.94289e-16	1555.04
-0.113699	637.143
-0.114335	583.258
-0.112604	736.464
-0.110012	965.942
-0.108314	1083.15
-0.106672	1191.07
-0.104973	1313.93
