(title "Static Temperature")
(labels "Static Temperature" "Position")

((xy/key/label "x0.01")
1403.47	0.1
1171.04	0.100225
1045.62	0.100453
946.43	0.100685
872.785	0.100919
817.556	0.101157
802.705	0.101247
780.44	0.101398
753.264	0.101643
731.984	0.10189
716.145	0.102142
704.533	0.102397
700.281	0.102545
697.812	0.102655
694.445	0.102917
692.43	0.103182
691.617	0.103452
691.773	0.103725
692.116	0.103897
692.506	0.104002
693.259	0.104283
694.011	0.104568
695.057	0.104857
697.465	0.10515
700.782	0.105756
701.121	0.105861
703.927	0.107054
703.957	0.107061
704.202	0.107092
715.841	0.108538
720.04	0.108973
734.062	0.110086
737.569	0.1103
747.215	0.110791
766.974	0.111791
778.049	0.112305
811.648	0.113898
825.12	0.114518
829.384	0.114725
856.991	0.116057
871.791	0.116852
898.949	0.118331
916.16	0.119435
944.537	0.121371
957.239	0.122341
988.338	0.125202
990.616	0.125478
1016.9	0.128406
1018.45	0.128625
1035.41	0.130874
1036.01	0.130977
1051.75	0.133261
1052	0.133328
1055.24	0.133982
1073.61	0.137585
1076.87	0.138272
1082.72	0.140358
1088.04	0.142358
1092.62	0.144381
1094.11	0.145353
1099.36	0.148121
1102.49	0.149639
1103.75	0.150255
1111.79	0.156209
1113.23	0.157037
1120.01	0.163945
1121.7	0.16538
1122.9	0.166279
1123.89	0.168
)

((xy/key/label "x0.02")
1586.96	0.1
1580.54	0.100225
1579.69	0.100453
1581.54	0.100684
1583.61	0.100919
1584.66	0.101156
1580.96	0.101396
1572.98	0.101532
1566.71	0.10164
1536.05	0.101887
1487.79	0.102137
1423.97	0.10239
1348.73	0.102647
1267.71	0.102907
1200.86	0.103128
1187.44	0.103171
1114.33	0.103438
1051.94	0.103709
999.811	0.103984
955.478	0.104262
916.307	0.104544
884.574	0.104791
879.412	0.10483
844.847	0.10512
756.307	0.105874
739.217	0.10604
709.227	0.106353
629.724	0.107254
617.917	0.107621
593.06	0.108187
594.703	0.10934
595.467	0.109518
597.505	0.109674
617.214	0.111027
629.998	0.111882
649.956	0.113239
663.283	0.114113
671.144	0.114587
701.855	0.116281
710.088	0.116734
711.577	0.116811
713.3	0.116899
741.92	0.118327
777.509	0.120269
781.839	0.120507
791.29	0.121079
825.811	0.123122
839.681	0.124088
858.408	0.125366
888.688	0.127998
892.577	0.128322
901.628	0.129227
913.394	0.130375
927.648	0.131741
935.074	0.132447
950.203	0.13416
968.247	0.136153
979.506	0.137809
1004.22	0.141801
1008.06	0.14265
1016.64	0.144848
1028.99	0.147796
1030.99	0.148367
1041.99	0.152326
1047.44	0.154273
1053.98	0.156932
1059.64	0.159096
1067.12	0.162904
1070.51	0.164536
1075.37	0.168
)

((xy/key/label "x0.03")
1556.96	0.1
1546.2	0.100225
1545.47	0.100453
1547.09	0.100684
1548.86	0.100918
1550.49	0.101155
1551.78	0.101395
1552.42	0.101637
1551.93	0.101883
1551.78	0.101898
1549.35	0.102133
1542.52	0.102385
1528.05	0.102641
1502.8	0.1029
1465.66	0.103162
1418	0.103428
1361.68	0.103697
1317.74	0.103881
1296.74	0.103969
1223.36	0.104245
1145.61	0.104525
1071.25	0.104809
1004.49	0.105096
883.905	0.105865
860.436	0.106014
809.865	0.106616
764.436	0.107152
760.173	0.107212
756.745	0.107291
705.504	0.10839
685.532	0.10902
671.81	0.109375
651.522	0.109931
615.467	0.110938
587.524	0.112435
586.51	0.1125
587.193	0.112598
598.619	0.114884
611.945	0.115829
619.105	0.116281
627.688	0.116806
650.332	0.118161
670.532	0.119418
677.234	0.119823
690.608	0.120663
710.801	0.121921
731.079	0.123285
754.216	0.12479
770.701	0.12601
798.76	0.128137
820.49	0.130032
836.91	0.131632
841.441	0.132096
862.927	0.134294
887.888	0.137111
897.296	0.138159
901.325	0.138602
905.162	0.139092
927.703	0.141861
950.078	0.145486
970.811	0.149814
984.56	0.153272
989.713	0.154625
991.493	0.15522
1007.08	0.160425
1007.68	0.160653
1012.61	0.162615
1021.08	0.165916
1026.06	0.168
1022.63	0.166497
1021.08	0.165916
)

((xy/key/label "x0.04")
1547.05	0.1
1534.72	0.100225
1533.85	0.100453
1534.88	0.100684
1536.03	0.100917
1537.06	0.101154
1537.74	0.101393
1537.79	0.101636
1536.85	0.101881
1534.32	0.102129
1529.09	0.102381
1528.78	0.102389
1519.45	0.102636
1503.44	0.102894
1479.61	0.103155
1447.46	0.103419
1407.8	0.103687
1362.55	0.103958
1313.51	0.104232
1261.16	0.10451
1206.03	0.104792
1179.65	0.104894
1131.86	0.105077
1116.47	0.10515
872.826	0.106323
798.444	0.107112
735.925	0.107811
692.722	0.108881
672.62	0.109375
666.433	0.109688
641.872	0.110938
624.22	0.112456
623.625	0.1125
622.636	0.112583
596.004	0.114931
593.526	0.116948
593.013	0.117252
595.9	0.117544
612.494	0.11912
634.379	0.120663
640.335	0.121092
652.617	0.12199
672.81	0.123444
687.885	0.124572
707.221	0.126086
720.189	0.127127
743.175	0.12915
980.446	0.168
974.655	0.165941
967.446	0.163859
956.359	0.160409
941.597	0.156536
933.381	0.154443
916.271	0.15078
906.268	0.148878
886.516	0.145553
876.02	0.143953
861.55	0.141897
847.002	0.140088
842.387	0.1395
829.628	0.138057
814.723	0.136333
807.145	0.135526
791.008	0.133781
743.84	0.129213
743.472	0.129177
743.327	0.129163
743.175	0.12915
)

((xy/key/label "x0.05")
1547.66	0.1
1538.44	0.100225
1537.28	0.100453
1537.44	0.100684
1537.53	0.100917
1537.28	0.101153
1536.44	0.101392
1534.68	0.101634
1531.64	0.101879
1526.71	0.102127
1518.84	0.102378
1506.64	0.102632
1488.87	0.102889
1471.15	0.10308
1464.78	0.103149
1434.12	0.103412
911.154	0.106147
1036.05	0.10552
797.441	0.107083
750.831	0.107591
937.338	0.168
936.448	0.167748
930.592	0.166028
924.93	0.164547
917.174	0.162435
908.25	0.160092
903.556	0.158854
894.177	0.156652
885.032	0.15449
872.456	0.151954
864.907	0.15046
844.854	0.147062
832.908	0.145228
803.682	0.141342
802.223	0.141141
801.708	0.141074
800.528	0.140934
767.11	0.136843
746.609	0.134493
737.723	0.133437
719.591	0.131459
713.827	0.130837
709.566	0.130429
674.981	0.127097
671.459	0.126786
647.733	0.124699
638.036	0.123863
629.134	0.12299
607.237	0.120553
606.032	0.120314
605.33	0.119495
602.561	0.117765
603.31	0.11742
605.898	0.116741
609.983	0.115194
611.577	0.114013
611.991	0.113346
619.218	0.112021
620.15	0.111824
622.796	0.111647
650.121	0.109969
675.314	0.109131
698.801	0.108512
750.831	0.107591
1036.05	0.10552
1133.09	0.105062
1205.23	0.104778
1262.98	0.104498
1311.18	0.104222
1355.84	0.103949
1397.37	0.103679
1434.12	0.103412
)

((xy/key/label "x0.06")
898.052	0.168
884.133	0.164264
884.114	0.164259
884.102	0.164255
877.197	0.162308
868.828	0.160173
862.285	0.158535
841.185	0.154023
839.203	0.153588
836.662	0.153109
818.363	0.149789
815.947	0.149347
815.499	0.14927
786.928	0.144861
781.443	0.144084
754.322	0.140375
742.875	0.138897
724.054	0.136396
713.722	0.135077
693.014	0.132445
688.334	0.131903
658.094	0.12851
652.144	0.127889
627.524	0.125036
622.933	0.12454
619.363	0.1238
611.015	0.121979
610.433	0.119643
610.414	0.119413
610.015	0.11889
608.521	0.11704
607.288	0.116507
603.961	0.114675
605.972	0.113632
611.519	0.112332
622.872	0.111259
625.311	0.11111
641.876	0.11023
663.22	0.109456
698.139	0.108461
745.153	0.107651
822.918	0.106747
899.597	0.106112
1060.12	0.105223
1094.6	0.105049
1164.35	0.104767
1228.06	0.104488
1281.98	0.104213
1297.29	0.104125
1329.09	0.103941
1371.23	0.103672
1408.67	0.103407
1441.03	0.103144
1467.98	0.102885
1489.48	0.102628
1505.74	0.102375
1517.4	0.102125
1525.63	0.101877
1531.61	0.101633
1536.04	0.101391
1539.35	0.101153
1541.58	0.100917
1542.98	0.100683
1544	0.100453
1546.67	0.100225
1551.51	0.1
)

((xy/key/label "x0.07")
863.272	0.168
850.624	0.164438
848.907	0.16398
842.588	0.162431
824.247	0.157859
819.251	0.15678
801.328	0.153106
793.724	0.151724
777.117	0.148802
764.411	0.146753
750.412	0.144591
732.965	0.141957
723.365	0.140568
701.176	0.137384
695.157	0.136546
680.787	0.134559
679.69	0.134419
664.973	0.132523
657.165	0.131478
647.415	0.130208
634.37	0.128214
631.911	0.127804
630.469	0.127401
620.643	0.125
618.752	0.123832
617.31	0.122589
616.824	0.121875
613.658	0.120631
610.267	0.119019
608.698	0.118544
605.602	0.11767
602.519	0.116758
601.865	0.115495
601.655	0.114863
602.447	0.11461
605.309	0.113779
612.292	0.112844
618.979	0.111973
633.98	0.11081
635.06	0.11073
635.929	0.110694
668.737	0.109219
694.741	0.108563
727.756	0.107757
792.428	0.106893
804.64	0.106714
824.055	0.106541
915.658	0.105797
1029.25	0.105198
1074.36	0.104966
1138.73	0.10469
1197.71	0.104415
1251.06	0.104143
1299.99	0.103876
1344.46	0.103612
1383.82	0.103351
1417.91	0.103093
1446.88	0.102838
1470.89	0.102586
1490.01	0.102337
1504.53	0.102091
1515.39	0.101848
1523.74	0.101607
1530.31	0.10137
1535.49	0.101135
1539.64	0.100902
1543.07	0.100673
1546.05	0.100446
1551.33	0.100222
1553.24	0.1
)

((xy/key/label "x0.08")
833.4	0.168
831.863	0.16756
822.224	0.164903
817.009	0.163436
812.632	0.16236
794.383	0.157988
780.272	0.154977
764.537	0.151863
744.247	0.148166
740.238	0.147483
720.349	0.1442
718.173	0.143837
717.709	0.143761
695.096	0.140191
689.985	0.139404
669.969	0.13643
662.965	0.135361
646.517	0.132743
642.591	0.132149
641.137	0.131863
628.735	0.128778
626.116	0.127801
622.687	0.125139
622.499	0.125
622.369	0.124917
619.815	0.123047
615.322	0.121377
614.256	0.120995
612.628	0.120442
607.811	0.118878
606.71	0.118013
606.184	0.116637
610.326	0.114935
611.524	0.114584
614.702	0.114037
621.272	0.112865
626.087	0.11237
638.15	0.1111
647.709	0.110388
655.117	0.109974
671.503	0.109185
706.801	0.108233
732.494	0.107658
843.692	0.106258
844.753	0.106246
847.992	0.106225
1026.31	0.105
1087.29	0.104721
1150.31	0.104446
1206.74	0.104174
1257.41	0.103906
1303.53	0.10364
1345.37	0.103377
1382.79	0.103118
1415.67	0.102861
1443.95	0.102607
1467.45	0.102357
1486.16	0.102109
1500.78	0.101863
1512.44	0.101621
1521.98	0.101382
1529.83	0.101145
1536.34	0.100911
1541.76	0.100679
1546.28	0.10045
1556.27	0.100224
1560.48	0.1
)

((xy/key/label "x0.09")
806.918	0.168
806.106	0.167781
791.693	0.163826
786.318	0.162337
775.157	0.159548
773.588	0.159143
768.226	0.157957
747.999	0.153462
739.699	0.151783
714.362	0.146972
714.283	0.146958
700.929	0.144608
697.147	0.143984
673.937	0.140208
673.398	0.140123
659.246	0.13772
647.273	0.135589
640.135	0.133907
634.94	0.132457
630.031	0.13104
626.56	0.128703
625.922	0.128196
623.245	0.126011
622.272	0.125205
620.824	0.124576
616.319	0.122638
615.135	0.122129
612.227	0.120465
611.766	0.120055
611.642	0.11875
612.856	0.117953
614.496	0.117188
619.201	0.115851
620.05	0.115625
621.266	0.115369
627.33	0.114062
631.278	0.113446
637.52	0.1125
646.278	0.111474
650.739	0.110937
671.006	0.109574
673.568	0.109397
676.667	0.109294
737.513	0.107684
752.147	0.107287
754.079	0.107258
768.363	0.107083
857.21	0.105986
902.722	0.105656
992.978	0.105016
1046.71	0.104737
1104.28	0.104461
1160.52	0.104189
1214.39	0.10392
1264.61	0.103653
1310.24	0.10339
1351.01	0.10313
1387.1	0.102872
1418.77	0.102618
1445.9	0.102366
1468.28	0.102117
1486.3	0.101871
1501.05	0.101628
1513.4	0.101388
1523.83	0.10115
1532.67	0.100915
1540.19	0.100682
1546.61	0.100452
1561.55	0.100225
1571.01	0.1
)

((xy/key/label "x0.1")
784.028	0.168
777.448	0.166058
767.241	0.163231
752.535	0.159446
747.361	0.158119
742.56	0.156983
719.496	0.151796
714.21	0.150708
700.236	0.147902
683.51	0.144839
681.62	0.144494
679.339	0.144092
669.971	0.142385
662.896	0.141006
649.581	0.138585
645.625	0.137732
641.237	0.136737
634.421	0.134498
630.303	0.132642
628.409	0.131216
627.385	0.13005
625.45	0.12818
622.458	0.126339
619.552	0.12465
616.662	0.123074
616.658	0.123005
617.695	0.120411
619.479	0.119721
622.052	0.11875
626.82	0.117459
629.819	0.116667
632.568	0.11606
638.362	0.114773
642.514	0.114008
649.894	0.112693
650.955	0.1125
652.364	0.112311
662.752	0.110938
679.209	0.109521
680.889	0.109375
684.672	0.109237
725.784	0.107761
833.769	0.106164
836.49	0.106124
839.43	0.1061
976.161	0.105017
1028.53	0.104739
1083.24	0.104463
1135.16	0.104191
1185.6	0.103922
1234.79	0.103655
1281.61	0.103392
1324.81	0.103132
1363.73	0.102874
1398.21	0.10262
1428.07	0.102368
1453.02	0.102119
1473.42	0.101873
1490.36	0.10163
1504.75	0.101389
1517.09	0.101151
1527.7	0.100916
1536.88	0.100683
1544.94	0.100453
1564.24	0.100225
1581.7	0.1
)
