-0.104973	0.800571
-0.103096	0.453069
-0.100947	0.418377
-0.0968843	0.353425
-0.0952144	0.344373
-0.0898939	0.319813
-0.0884269	0.312672
-0.0828378	0.291465
-0.0800951	0.275809
-0.0762339	0.260179
-0.0718772	0.238074
-0.0691686	0.223022
-0.0670581	0.213143
-0.0651788	0.205271
-0.0615258	0.187792
-0.060984	0.185415
-0.0547805	0.158128
-0.0546459	0.157527
-0.0514555	0.14593
-0.0483049	0.131958
-0.0481568	0.131407
-0.0479599	0.130583
-0.0441777	0.117279
-0.0418529	0.107953
-0.0404733	0.103175
-0.0389273	0.0972007
-0.0367871	0.0901073
-0.0354551	0.0851389
-0.034149	0.0810282
-0.0319749	0.0736384
-0.0307874	0.0699008
-0.0304397	0.0687608
-0.0287646	0.0635542
-0.0281653	0.0617323
-0.0267113	0.0574375
-0.0254526	0.05399
-0.0235753	0.0490745
-0.0218804	0.0449411
-0.0205565	0.0417185
-0.0186062	0.0371421
-0.0182715	0.0363281
-0.0169975	0.0333241
-0.0163912	0.0318171
-0.0151869	0.0288309
-0.0143822	0.0269008
-0.0134151	0.0246749
-0.0119231	0.0211425
-0.011645	0.0204779
-0.0109371	0.0186929
-0.0098362	0.0159367
-0.00909693	0.0138261
-0.00810871	0.0109556
-0.00684062	0.00704438
-0.00643129	0.00574998
-0.00627763	0.00546841
-0.0050173	0.00390608
-0.00473872	0.00344579
-0.00446328	0.00349899
-0.00419094	0.00479844
-0.00392167	0.00699432
-0.00365542	0.00970758
-0.00339215	0.0128757
-0.00313183	0.016442
-0.00287442	0.0203412
-0.00261989	0.0244103
-0.0023682	0.0280919
-0.00211932	0.0309131
-0.0018732	0.0329435
-0.00162982	0.0343507
-0.00138914	0.0351531
-0.00115113	0.0353477
-0.000915763	0.0349162
-0.000682995	0.0339192
-0.0004528	0.0323884
-0.000225145	0.0272263
-1.94289e-16	0.0230152
-0.104973	0.800571
-0.106672	1.1586
-0.108314	1.44549
-0.110012	1.77302
-0.112604	2.68585
-0.113699	3.08448
-0.114335	3.29528
-0.114335	3.29528
-0.117626	4.34338
-0.125988	4.86461
-0.1273	4.95692
-0.127832	4.95946
-0.138192	5.00488
-0.141522	5.00303
-0.150403	4.99962
-0.158227	4.99999
-0.160669	5.00005
-0.169744	5
-0.176153	5
-0.182512	5
-0.193131	5
-0.197902	5
-0.2	5
