(title "Mach Number")
(labels "Position" "Mach Number")

((xy/key/label "bow_normal")
-0.117626	5.00404
-0.125988	5.00032
-0.1273	4.99963
-0.127832	4.99966
-0.138192	5.00003
-0.141522	5.00001
-0.150403	5
-0.158227	5
-0.160669	5
-0.169744	5
-0.176153	5
-0.182512	5
-0.193131	5
-0.197902	5
-0.2	5
-0.100947	0.464259
-0.103096	0.505281
-0.0968843	0.361255
-0.0952144	0.35229
-0.0898939	0.328285
-0.0884269	0.322031
-0.0828378	0.300066
-0.0800951	0.288352
-0.0762339	0.273722
-0.0718772	0.256563
-0.0691686	0.246563
-0.0670581	0.238634
-0.0651788	0.232021
-0.0615258	0.218417
-0.060984	0.216487
-0.0547805	0.194082
-0.0546459	0.193604
-0.0514555	0.182584
-0.0483049	0.171095
-0.0481568	0.170582
-0.0479599	0.169864
-0.0441777	0.156842
-0.0418529	0.14838
-0.0404733	0.143633
-0.0389273	0.137952
-0.0367871	0.130484
-0.0354551	0.12552
-0.034149	0.121086
-0.0319749	0.113007
-0.0307874	0.10877
-0.0304397	0.107449
-0.0287646	0.10145
-0.0281653	0.0992106
-0.0267113	0.0941017
-0.0254526	0.0893487
-0.0235753	0.0827507
-0.0218804	0.0763177
-0.0205565	0.0717232
-0.0186062	0.06423
-0.0182715	0.0630512
-0.0169975	0.0584915
-0.0163912	0.05644
-0.0151869	0.0521127
-0.0143822	0.0493629
-0.0134151	0.0459403
-0.0119231	0.0409054
-0.011645	0.03994
-0.0109371	0.0376512
-0.0098362	0.0343683
-0.00909693	0.0325009
-0.00810871	0.0299754
-0.00684062	0.0281204
-0.00643129	0.0275868
-0.00627763	0.0276554
-0.0050173	0.0283256
-0.00473872	0.0286834
-0.00446328	0.0292495
-0.00419094	0.0300723
-0.00392167	0.0311934
-0.00365542	0.0325663
-0.00339215	0.0340057
-0.00313183	0.0352971
-0.00287442	0.0363455
-0.00261989	0.037193
-0.0023682	0.0379702
-0.00211932	0.0388824
-0.0018732	0.0402087
-0.00162982	0.0424386
-0.00138914	0.0462764
-0.00115113	0.0516013
-0.000915763	0.0567989
-0.000682995	0.060488
-0.0004528	0.0612991
-0.000225145	0.0537256
-1.94289e-16	0.0468099
-0.112604	4.91238
-0.113699	4.9965
-0.114335	4.99645
-0.117626	5.00404
-0.104973	1.09965
-0.106672	1.70883
-0.103096	0.505281
-0.111855	4.78769
-0.112604	4.91238
-0.11142	4.73769
-0.110012	4.52984
-0.10837	3.43018
-0.108342	3.40885
-0.108314	3.38644
-0.106672	1.70883
)
