(title "Mach Number")
(labels "Position" "Mach Number")

((xy/key/label "bow_normal")
-0.117626	5
-0.125988	5
-0.1273	5
-0.127832	5
-0.138192	5
-0.141522	5
-0.150403	5
-0.158227	5
-0.160669	5
-0.169744	5
-0.176153	5
-0.182512	5
-0.193131	5
-0.197902	5
-0.2	5
-0.0952144	0.354729
-0.0968843	0.362431
-0.0898939	0.338627
-0.0884269	0.33292
-0.0828378	0.313905
-0.0800951	0.303063
-0.0762339	0.289854
-0.0718772	0.274268
-0.0691686	0.265528
-0.0670581	0.258171
-0.112604	5
-0.113699	5
-0.114335	5
-0.117626	5
-0.111855	5
-0.112604	5
-0.11142	5
-0.110012	5
-0.10837	5.00001
-0.108342	5.00001
-0.108314	5.00001
-0.106672	4.99994
-0.105837	5.00214
-0.106672	4.99994
-0.0968843	0.362431
-0.0990134	0.371295
-0.0999306	0.377259
-0.100947	0.735739
-0.101723	0.892101
-0.103096	1.16901
-0.101483	0.871579
-0.100947	0.735739
-0.103096	1.16901
-0.103388	1.75713
-0.104051	2.84826
-0.104973	4.5673
-0.104973	4.5673
-0.105002	4.62216
-0.10503	4.63988
-0.105419	4.96157
-0.105822	5.0012
-0.105837	5.00214
-0.0670581	0.258171
-0.0651788	0.252084
-0.0615258	0.239082
-0.060984	0.237222
-0.0547805	0.215622
-0.0546459	0.215157
-0.0514555	0.204457
-0.0483049	0.192993
-0.0481568	0.192485
-0.0479599	0.191757
-0.0441777	0.178545
-0.0418529	0.169811
-0.0404733	0.16493
-0.0389273	0.158938
-0.0367871	0.151037
-0.0354551	0.145725
-0.034149	0.141028
-0.0319749	0.132121
-0.0307874	0.127462
-0.0304397	0.125998
-0.0287646	0.119368
-0.0281653	0.116845
-0.0267113	0.111178
-0.0254526	0.105746
-0.0235753	0.0983952
-0.0218804	0.091017
-0.0205565	0.0859816
-0.0186062	0.0776069
-0.0182715	0.0763481
-0.0169975	0.0713208
-0.0163912	0.0692303
-0.0151869	0.0645891
-0.0143822	0.061932
-0.0134151	0.0583951
-0.0119231	0.0537801
-0.011645	0.052829
-0.0109371	0.0509308
-0.0098362	0.0482937
-0.00909693	0.0472101
-0.00810871	0.0456193
-0.00684062	0.0454056
-0.00643129	0.0453979
-0.00627763	0.0456338
-0.0050173	0.0479276
-0.00473872	0.0487594
-0.00446328	0.0497662
-0.00419094	0.0509735
-0.00392167	0.0523671
-0.00365542	0.0538743
-0.00339215	0.055492
-0.00313183	0.0575313
-0.00287442	0.0608631
-0.00261989	0.0667216
-0.0023682	0.0728426
-0.00211932	0.0760478
-0.0018732	0.0768156
-0.00162982	0.0761478
-0.00138914	0.074461
-0.00115113	0.0723503
-0.000915763	0.0703524
-0.000682995	0.0685177
-0.0004528	0.0661479
-0.000225145	0.0589023
-1.94289e-16	0.053181
)
