(title "Mach Number")
(labels "Position" "Mach Number")

((xy/key/label "bow_normal")
-0.117626	4.99999
-0.125988	5
-0.1273	5
-0.127832	5
-0.138192	5
-0.141522	5
-0.150403	5
-0.158227	5
-0.160669	5
-0.169744	5
-0.176153	5
-0.182512	5
-0.193131	5
-0.197902	5
-0.2	5
-0.0968843	0.357519
-0.100947	0.540952
-0.0952144	0.349452
-0.0898939	0.328032
-0.0884269	0.320852
-0.0828378	0.301879
-0.0800951	0.286336
-0.0762339	0.271957
-0.0718772	0.251147
-0.0691686	0.238021
-0.0670581	0.228697
-0.0651788	0.221958
-0.0615258	0.205198
-0.060984	0.202972
-0.0547805	0.176746
-0.0546459	0.176148
-0.0514555	0.165057
-0.0483049	0.150346
-0.0481568	0.149808
-0.0479599	0.148936
-0.0441777	0.135606
-0.0418529	0.125068
-0.0404733	0.12018
-0.0389273	0.113475
-0.0367871	0.105643
-0.0354551	0.0998551
-0.034149	0.0956801
-0.0319749	0.0869856
-0.0307874	0.0827109
-0.0304397	0.0812723
-0.0287646	0.0755213
-0.0281653	0.0733074
-0.0267113	0.0688347
-0.0254526	0.064406
-0.0235753	0.0588905
-0.0218804	0.0534591
-0.0205565	0.0500005
-0.0186062	0.0443121
-0.0182715	0.0435176
-0.0169975	0.0406181
-0.0163912	0.0395032
-0.0151869	0.0371278
-0.0143822	0.0360085
-0.0134151	0.0345734
-0.0119231	0.033497
-0.011645	0.0332683
-0.0109371	0.0334218
-0.0098362	0.0337387
-0.00909693	0.0347693
-0.00810871	0.0361712
-0.00684062	0.0404331
-0.00643129	0.0417687
-0.00627763	0.0426084
-0.0050173	0.0505227
-0.00473872	0.0528956
-0.00446328	0.0557699
-0.00419094	0.0590088
-0.00392167	0.0624278
-0.00365542	0.0661492
-0.00339215	0.0705323
-0.00313183	0.0754499
-0.00287442	0.0804339
-0.00261989	0.0857701
-0.0023682	0.0925498
-0.00211932	0.101379
-0.0018732	0.109019
-0.00162982	0.113201
-0.00138914	0.115611
-0.00115113	0.117155
-0.000915763	0.117719
-0.000682995	0.11618
-0.0004528	0.110129
-0.000225145	0.0926137
-1.94289e-16	0.07974
-0.112604	4.9999
-0.113699	5.00011
-0.114335	5.0001
-0.117626	4.99999
-0.111855	4.99968
-0.112604	4.9999
-0.11142	4.99959
-0.110012	4.99922
-0.10837	5.00554
-0.108342	5.00573
-0.108314	5.00374
-0.106672	4.92108
-0.100947	0.540952
-0.103096	0.602292
-0.103096	0.602292
-0.104973	2.41417
-0.104973	2.41417
-0.105002	2.44754
-0.10503	2.506
-0.105837	4.14356
-0.106672	4.92107
)
