(title "Mach Number")
(labels "Position" "Mach Number")

((xy/key/label "bow_normal")
-0.114335	3.23414
-0.117626	4.27094
-0.125988	4.84415
-0.1273	4.94428
-0.127832	4.95053
-0.138192	5.00443
-0.141522	5.0032
-0.150403	4.99961
-0.158227	4.99999
-0.160669	5.00005
-0.169744	5
-0.176153	5
-0.182512	5
-0.193131	5
-0.197902	5
-0.2	5
-0.103096	0.451972
-0.104973	0.793907
-0.100947	0.418809
-0.0968843	0.355592
-0.0952144	0.345548
-0.0898939	0.320645
-0.0884269	0.313225
-0.0828378	0.290558
-0.0800951	0.276288
-0.0762339	0.260101
-0.0718772	0.239136
-0.0691686	0.224649
-0.0670581	0.215225
-0.0651788	0.207394
-0.0615258	0.191152
-0.060984	0.188866
-0.0547805	0.162712
-0.0546459	0.162142
-0.0514555	0.150335
-0.0483049	0.137209
-0.0481568	0.136664
-0.0479599	0.135882
-0.0441777	0.122504
-0.0418529	0.11371
-0.0404733	0.108951
-0.0389273	0.103276
-0.0367871	0.0961074
-0.0354551	0.0912995
-0.034149	0.0870991
-0.0319749	0.0797541
-0.0307874	0.0759089
-0.0304397	0.0747278
-0.0287646	0.0690849
-0.0281653	0.0670583
-0.0267113	0.0623508
-0.0254526	0.058487
-0.0235753	0.0531356
-0.0218804	0.0483224
-0.0205565	0.044715
-0.0186062	0.0392707
-0.0182715	0.0383447
-0.0169975	0.035109
-0.0163912	0.0335709
-0.0151869	0.0306346
-0.0143822	0.0287975
-0.0134151	0.0266115
-0.0119231	0.0236276
-0.011645	0.0230928
-0.0109371	0.0219174
-0.0098362	0.020131
-0.00909693	0.0183655
-0.00810871	0.0157404
-0.00684062	0.0132132
-0.00643129	0.0122665
-0.00627763	0.0125347
-0.0050173	0.0216665
-0.00473872	0.0285087
-0.00446328	0.0373406
-0.00419094	0.04624
-0.00392167	0.0546695
-0.00365542	0.0618397
-0.00339215	0.067615
-0.00313183	0.0722046
-0.00287442	0.0759451
-0.00261989	0.0789213
-0.0023682	0.0811773
-0.00211932	0.0827548
-0.0018732	0.0837124
-0.00162982	0.0840916
-0.00138914	0.0839055
-0.00115113	0.0831044
-0.000915763	0.0815165
-0.000682995	0.0786557
-0.0004528	0.0730414
-0.000225145	0.0582441
-1.94289e-16	0.0473174
-0.113699	3.02564
-0.114335	3.23414
-0.112604	2.63426
-0.110012	1.73574
-0.108314	1.41852
-0.106672	1.13882
-0.104973	0.793907
)
