(title "Mach Number")
(labels "Position" "Mach Number")

((xy/key/label "bow_normal")
-0.2	5
-0.197902	5
-0.193131	5
-0.182512	5
-0.176153	4.99999
-0.169744	5
-0.160669	5.00009
-0.158227	5.00005
-0.150403	4.99941
-0.141522	5.00781
-0.138192	5.00953
-0.127832	4.86575
-0.1273	4.85009
-0.125988	4.66495
-0.117626	3.52226
-0.114335	2.66035
-0.110012	1.43626
-0.104973	0.723598
-0.103096	0.478359
-0.100947	0.449736
-0.0968843	0.384844
-0.0952144	0.376026
-0.0898939	0.360732
-0.0884269	0.35553
-0.0828378	0.336885
-0.0800951	0.329057
-0.0762339	0.31644
-0.0718772	0.303034
-0.0691686	0.296063
-0.0670581	0.28921
-0.0651788	0.282964
-0.0615258	0.270826
-0.060984	0.268963
-0.0547805	0.247014
-0.0546459	0.246542
-0.0514555	0.23437
-0.0483049	0.222753
-0.0481568	0.222198
-0.0479599	0.221449
-0.0441777	0.206294
-0.0418529	0.196975
-0.0404733	0.191514
-0.0389273	0.185277
-0.0367871	0.176156
-0.0354551	0.17031
-0.034149	0.164842
-0.0319749	0.155224
-0.0307874	0.14991
-0.0304397	0.148208
-0.0287646	0.140686
-0.0281653	0.137709
-0.0267113	0.131255
-0.0254526	0.125025
-0.0235753	0.116854
-0.0218804	0.108508
-0.0205565	0.102967
-0.0186062	0.0935161
-0.0182715	0.0921321
-0.0169975	0.0865745
-0.0163912	0.0842721
-0.0151869	0.0792535
-0.0143822	0.0764495
-0.0134151	0.072764
-0.0119231	0.0683608
-0.011645	0.0674187
-0.0109371	0.0658489
-0.0098362	0.0636669
-0.00909693	0.063072
-0.00810871	0.0620526
-0.00684062	0.0626716
-0.00643129	0.0629327
-0.00627763	0.0632424
-0.0050173	0.0659959
-0.00473872	0.0668782
-0.00446328	0.0678717
-0.00419094	0.0689537
-0.00392167	0.0700911
-0.00365542	0.0712352
-0.00339215	0.0723386
-0.00313183	0.0733804
-0.00287442	0.0743809
-0.00261989	0.0754038
-0.0023682	0.076541
-0.00211932	0.0778913
-0.0018732	0.0795512
-0.00162982	0.0816415
-0.00138914	0.0842055
-0.00115113	0.0868981
-0.000915763	0.0892076
-0.000682995	0.0907008
-0.0004528	0.0903144
-0.000225145	0.0825389
-1.94289e-16	0.0757014
)
