(title "Mach Number")
(labels "Position" "Mach Number")

((xy/key/label "bow_normal")
-0.117626	5.00011
-0.125988	5
-0.1273	4.99999
-0.127832	4.99999
-0.138192	5
-0.141522	5
-0.150403	5
-0.158227	5
-0.160669	5
-0.169744	5
-0.176153	5
-0.182512	5
-0.193131	5
-0.197902	5
-0.2	5
-0.0968843	0.35621
-0.100947	0.587977
-0.0952144	0.348078
-0.0898939	0.326164
-0.0884269	0.319107
-0.0828378	0.299468
-0.0800951	0.283672
-0.0762339	0.269002
-0.0718772	0.247655
-0.0691686	0.234281
-0.0670581	0.224704
-0.0651788	0.217748
-0.0615258	0.200406
-0.060984	0.198099
-0.0547805	0.170937
-0.0546459	0.170315
-0.0514555	0.158909
-0.0483049	0.143706
-0.0481568	0.143163
-0.0479599	0.142275
-0.0441777	0.128775
-0.0418529	0.118015
-0.0404733	0.11316
-0.0389273	0.106459
-0.0367871	0.0986481
-0.0354551	0.092847
-0.034149	0.0887986
-0.0319749	0.0803063
-0.0307874	0.0761456
-0.0304397	0.0747217
-0.0287646	0.0692349
-0.0281653	0.0670921
-0.0267113	0.0629174
-0.0254526	0.0586933
-0.0235753	0.0536
-0.0218804	0.0485523
-0.0205565	0.0454573
-0.0186062	0.0403606
-0.0182715	0.0396802
-0.0169975	0.0373308
-0.0163912	0.0365071
-0.0151869	0.0347814
-0.0143822	0.0341716
-0.0134151	0.0333818
-0.0119231	0.0334501
-0.011645	0.0334437
-0.0109371	0.0342139
-0.0098362	0.0354503
-0.00909693	0.0370888
-0.00810871	0.0393236
-0.00684062	0.0442118
-0.00643129	0.0457564
-0.00627763	0.0466211
-0.0050173	0.0545956
-0.00473872	0.0569337
-0.00446328	0.059667
-0.00419094	0.062708
-0.00392167	0.0659691
-0.00365542	0.0694143
-0.00339215	0.0731453
-0.00313183	0.0774288
-0.00287442	0.0821997
-0.00261989	0.0870149
-0.0023682	0.0920395
-0.00211932	0.0982008
-0.0018732	0.105476
-0.00162982	0.111365
-0.00138914	0.114654
-0.00115113	0.11652
-0.000915763	0.117262
-0.000682995	0.115828
-0.0004528	0.109904
-0.000225145	0.0926493
-1.94289e-16	0.0799496
-0.112604	5.00247
-0.113699	4.99921
-0.114335	4.99933
-0.117626	5.00011
-0.111855	5.00472
-0.112604	5.00247
-0.11142	5.00532
-0.110012	5.00871
-0.10837	4.92028
-0.108342	4.91849
-0.108314	4.90285
-0.106672	3.98172
-0.10503	1.99218
-0.105002	1.95759
-0.104973	1.93549
-0.103096	0.657243
-0.100947	0.587977
-0.103096	0.657243
)
