(title "Mach Number")
(labels "Position" "Mach Number")

((xy/key/label "bow_normal")
-0.0968843	0.359182
-0.0952144	0.350657
-0.0898939	0.336437
-0.0884269	0.330407
-0.0828378	0.312582
-0.0800951	0.299963
-0.0762339	0.286405
-0.0718772	0.2691
-0.0691686	0.25949
-0.0670581	0.251319
-0.10837	5
-0.110012	5
-0.108342	5
-0.108314	5
-0.106672	5
-0.105837	5
-0.106672	5
-0.0968843	0.359182
-0.0990134	0.365448
-0.0999306	0.381797
-0.100947	0.704766
-0.101483	0.832498
-0.0999306	0.381797
-0.105822	5
-0.105837	5
-0.105419	5.00001
-0.10503	4.99989
-0.105002	4.99989
-0.104973	4.99985
-0.104528	5.00088
-0.104209	5.00181
-0.104051	5.00295
-0.103831	4.92611
-0.103573	4.85681
-0.103388	4.58555
-0.103096	4.15137
-1.94289e-16	0.0775787
-0.000225145	0.0836059
-0.0004528	0.0898961
-0.000682995	0.0894346
-0.000915763	0.0880354
-0.00115113	0.0865702
-0.00138914	0.0851971
-0.00162982	0.084047
-0.0018732	0.0832209
-0.00211932	0.0827497
-0.0023682	0.0825886
-0.00261989	0.0826363
-0.00287442	0.0827529
-0.00313183	0.082794
-0.00339215	0.0826503
-0.00365542	0.0822685
-0.00392167	0.0816401
-0.00419094	0.0807749
-0.00446328	0.0796878
-0.00473872	0.0783844
-0.0050173	0.0769499
-0.00627763	0.0703799
-0.00643129	0.0695482
-0.00684062	0.0677586
-0.00810871	0.062282
-0.00909693	0.0595275
-0.0098362	0.0573574
-0.0109371	0.0556948
-0.011645	0.0547129
-0.0119231	0.0547731
-0.0134151	0.0545748
-0.0143822	0.0557406
-0.0151869	0.0564885
-0.0163912	0.0589272
-0.0169975	0.0600044
-0.0182715	0.0632829
-0.0186062	0.064168
-0.0205565	0.0710574
-0.0218804	0.0750116
-0.102888	3.73494
-0.103096	4.15137
-0.10229	2.28998
-0.101723	1.2556
-0.101483	0.832498
-0.0670581	0.251319
-0.0651788	0.245142
-0.0615258	0.230363
-0.060984	0.228343
-0.0547805	0.204277
-0.0546459	0.203743
-0.0514555	0.1926
-0.0483049	0.179081
-0.0481568	0.178556
-0.0479599	0.177728
-0.0441777	0.164049
-0.0418529	0.153864
-0.0404733	0.14889
-0.0389273	0.142227
-0.0367871	0.133932
-0.0354551	0.127937
-0.034149	0.123414
-0.0319749	0.114046
-0.0307874	0.109294
-0.0304397	0.107672
-0.0287646	0.101174
-0.0281653	0.0985662
-0.0267113	0.0934089
-0.0254526	0.0880772
-0.0235753	0.0816842
-0.0218804	0.0750116
-0.2	5
-0.197902	5
-0.193131	5
-0.182512	5
-0.176153	5
-0.169744	5
-0.160669	5
-0.158227	5
-0.150403	5
-0.141522	5
-0.138192	5
-0.127832	5
-0.1273	5
-0.125988	5
-0.117626	5
-0.112604	5
-0.113699	5
-0.114335	5
-0.117626	5
-0.111855	5
-0.112604	5
-0.11142	5
-0.110012	5
)
