(title "Static Temperature")
(labels "Position" "Static Temperature")

((xy/key/label "bow_normal")
-0.117626	138
-0.125988	138
-0.1273	138
-0.127832	138
-0.138192	138
-0.141522	138
-0.150403	138
-0.158227	138
-0.160669	138
-0.169744	138
-0.176153	138
-0.182512	138
-0.193131	138
-0.197902	138
-0.2	138
-0.0952144	826.185
-0.0968843	824.934
-0.0898939	827.53
-0.0884269	828.262
-0.0828378	830.064
-0.0800951	831.35
-0.0762339	832.634
-0.0718772	834.252
-0.0691686	835.341
-0.0670581	836.019
-0.112604	138
-0.113699	138
-0.114335	138
-0.117626	138
-0.111855	138
-0.112604	138
-0.11142	138
-0.110012	138
-0.10837	137.999
-0.108342	137.999
-0.108314	137.999
-0.106672	138.003
-0.105837	137.901
-0.106672	138.003
-0.0968843	824.934
-0.0990134	825.912
-0.0999306	825.701
-0.100947	749.753
-0.101723	717.631
-0.103096	660.743
-0.101483	721.114
-0.100947	749.753
-0.103096	660.743
-0.103388	561.694
-0.104051	364.3
-0.104973	166.235
-0.104973	166.235
-0.105002	160.739
-0.10503	159.716
-0.105419	139.848
-0.105822	137.946
-0.105837	137.901
-0.0670581	836.02
-0.0651788	836.553
-0.0615258	837.664
-0.060984	837.812
-0.0547805	839.451
-0.0546459	839.487
-0.0514555	840.164
-0.0483049	840.972
-0.0481568	841.003
-0.0479599	841.049
-0.0441777	841.79
-0.0418529	842.326
-0.0404733	842.584
-0.0389273	842.91
-0.0367871	843.311
-0.0354551	843.597
-0.034149	843.818
-0.0319749	844.233
-0.0307874	844.445
-0.0304397	844.514
-0.0287646	844.802
-0.0281653	844.912
-0.0267113	845.137
-0.0254526	845.344
-0.0235753	845.616
-0.0218804	845.865
-0.0205565	846.044
-0.0186062	846.323
-0.0182715	846.368
-0.0169975	846.528
-0.0163912	846.605
-0.0151869	846.749
-0.0143822	846.849
-0.0134151	846.953
-0.0119231	847.111
-0.011645	847.139
-0.0109371	847.207
-0.0098362	847.309
-0.00909693	847.377
-0.00810871	847.474
-0.00684062	847.636
-0.00643129	847.685
-0.00627763	847.713
-0.0050173	847.949
-0.00473872	847.995
-0.00446328	848.038
-0.00419094	848.077
-0.00392167	848.112
-0.00365542	848.139
-0.00339215	848.163
-0.00313183	848.198
-0.00287442	848.298
-0.00261989	848.568
-0.0023682	848.955
-0.00211932	849.255
-0.0018732	849.36
-0.00162982	849.071
-0.00138914	847.807
-0.00115113	844.731
-0.000915763	838.65
-0.000682995	826.101
-0.0004528	792.846
-0.000225145	673.785
-1.94289e-16	300
)
