(title "Static Temperature")
(labels "Position" "Static Temperature")

((xy/key/label "bow_normal")
-0.2	138
-0.197902	138
-0.193131	138
-0.182512	138
-0.176153	138
-0.169744	138
-0.160669	137.996
-0.158227	137.998
-0.150403	138.027
-0.141522	137.643
-0.138192	137.564
-0.127832	144.831
-0.1273	145.69
-0.125988	162.779
-0.117626	266.21
-0.114335	402.545
-0.110012	598.438
-0.104973	745.8
-0.103096	796.016
-0.100947	800.316
-0.0968843	810.054
-0.0952144	811.071
-0.0898939	812.913
-0.0884269	813.449
-0.0828378	815.554
-0.0800951	816.339
-0.0762339	817.695
-0.0718772	818.974
-0.0691686	819.68
-0.0670581	820.313
-0.0651788	820.909
-0.0615258	821.999
-0.060984	822.169
-0.0547805	824.031
-0.0546459	824.071
-0.0514555	825.028
-0.0483049	825.934
-0.0481568	825.973
-0.0479599	826.026
-0.0441777	827.111
-0.0418529	827.762
-0.0404733	828.111
-0.0389273	828.499
-0.0367871	829.085
-0.0354551	829.445
-0.034149	829.753
-0.0319749	830.289
-0.0307874	830.59
-0.0304397	830.688
-0.0287646	831.083
-0.0281653	831.244
-0.0267113	831.547
-0.0254526	831.84
-0.0235753	832.184
-0.0218804	832.526
-0.0205565	832.737
-0.0186062	833.093
-0.0182715	833.143
-0.0169975	833.331
-0.0163912	833.412
-0.0151869	833.573
-0.0143822	833.665
-0.0134151	833.777
-0.0119231	833.909
-0.011645	833.937
-0.0109371	833.988
-0.0098362	834.062
-0.00909693	834.1
-0.00810871	834.167
-0.00684062	834.279
-0.00643129	834.31
-0.00627763	834.335
-0.0050173	834.571
-0.00473872	834.634
-0.00446328	834.715
-0.00419094	834.81
-0.00392167	834.925
-0.00365542	835.068
-0.00339215	835.256
-0.00313183	835.502
-0.00287442	835.81
-0.00261989	836.163
-0.0023682	836.501
-0.00211932	836.694
-0.0018732	836.492
-0.00162982	835.454
-0.00138914	832.931
-0.00115113	828.327
-0.000915763	820.752
-0.000682995	806.663
-0.0004528	771.7
-0.000225145	660.721
-1.94289e-16	300
)
