(title "Static Temperature")
(labels "Position" "Static Temperature")

((xy/key/label "bow_normal")
-0.117626	138.001
-0.125988	138
-0.1273	138
-0.127832	138
-0.138192	138
-0.141522	138
-0.150403	138
-0.158227	138
-0.160669	138
-0.169744	138
-0.176153	138
-0.182512	138
-0.193131	138
-0.197902	138
-0.2	138
-0.0968843	821.4
-0.100947	790.234
-0.0952144	822.318
-0.0898939	824.896
-0.0884269	825.606
-0.0828378	827.661
-0.0800951	829.076
-0.0762339	830.456
-0.0718772	832.173
-0.0691686	833.223
-0.0670581	833.958
-0.0651788	834.526
-0.0615258	835.741
-0.060984	835.905
-0.0547805	837.681
-0.0546459	837.72
-0.0514555	838.451
-0.0483049	839.31
-0.0481568	839.34
-0.0479599	839.386
-0.0441777	840.137
-0.0418529	840.672
-0.0404733	840.902
-0.0389273	841.191
-0.0367871	841.565
-0.0354551	841.826
-0.034149	841.999
-0.0319749	842.336
-0.0307874	842.514
-0.0304397	842.578
-0.0287646	842.801
-0.0281653	842.894
-0.0267113	843.038
-0.0254526	843.18
-0.0235753	843.322
-0.0218804	843.467
-0.0205565	843.547
-0.0186062	843.699
-0.0182715	843.72
-0.0169975	843.796
-0.0163912	843.831
-0.0151869	843.887
-0.0143822	843.912
-0.0134151	843.946
-0.0119231	843.976
-0.011645	843.984
-0.0109371	843.991
-0.0098362	844.003
-0.00909693	843.994
-0.00810871	843.985
-0.00684062	843.877
-0.00643129	843.844
-0.00627763	843.811
-0.0050173	843.469
-0.00473872	843.347
-0.00446328	843.18
-0.00419094	842.978
-0.00392167	842.756
-0.00365542	842.515
-0.00339215	842.243
-0.00313183	841.96
-0.00287442	841.694
-0.00261989	841.417
-0.0023682	840.992
-0.00211932	840.163
-0.0018732	838.74
-0.00162982	836.714
-0.00138914	833.707
-0.00115113	828.752
-0.000915763	819.992
-0.000682995	802.379
-0.0004528	758.264
-0.000225145	638.925
-1.94289e-16	300
-0.112604	138.004
-0.113699	137.995
-0.114335	137.996
-0.117626	138.001
-0.111855	138.015
-0.112604	138.004
-0.11142	138.019
-0.110012	138.036
-0.10837	137.746
-0.108342	137.737
-0.108314	137.836
-0.106672	141.9
-0.100947	790.234
-0.103096	780.271
-0.103096	780.271
-0.104973	421.911
-0.104973	421.911
-0.105002	415.4
-0.10503	408.029
-0.105837	199.859
-0.106672	141.9
)
