(title "Static Temperature")
(labels "Position" "Static Temperature")

((xy/key/label "bow_normal")
-0.114335	327.564
-0.117626	181.527
-0.125988	146.858
-0.1273	140.682
-0.127832	140.373
-0.138192	137.797
-0.141522	137.853
-0.150403	138.018
-0.158227	138.001
-0.160669	137.998
-0.169744	138
-0.176153	138
-0.182512	138
-0.193131	138
-0.197902	138
-0.2	138
-0.103096	793.133
-0.104973	728.099
-0.100947	797.414
-0.0968843	805.834
-0.0952144	807.005
-0.0898939	809.723
-0.0884269	810.503
-0.0828378	812.769
-0.0800951	814.087
-0.0762339	815.555
-0.0718772	817.268
-0.0691686	818.424
-0.0670581	819.144
-0.0651788	819.74
-0.0615258	820.863
-0.060984	821.012
-0.0547805	822.675
-0.0546459	822.708
-0.0514555	823.431
-0.0483049	824.137
-0.0481568	824.167
-0.0479599	824.207
-0.0441777	824.915
-0.0418529	825.319
-0.0404733	825.547
-0.0389273	825.796
-0.0367871	826.136
-0.0354551	826.37
-0.034149	826.57
-0.0319749	826.921
-0.0307874	827.116
-0.0304397	827.18
-0.0287646	827.543
-0.0281653	827.667
-0.0267113	827.917
-0.0254526	828.094
-0.0235753	828.319
-0.0218804	828.53
-0.0205565	828.69
-0.0186062	829.082
-0.0182715	829.15
-0.0169975	829.444
-0.0163912	829.62
-0.0151869	829.911
-0.0143822	830.117
-0.0134151	830.386
-0.0119231	830.779
-0.011645	830.925
-0.0109371	831.26
-0.0098362	831.791
-0.00909693	832.779
-0.00810871	834.577
-0.00684062	840.554
-0.00643129	842.493
-0.00627763	843.427
-0.0050173	849.326
-0.00473872	849.526
-0.00446328	849.437
-0.00419094	849.153
-0.00392167	848.671
-0.00365542	848.004
-0.00339215	847.157
-0.00313183	846.087
-0.00287442	844.695
-0.00261989	842.882
-0.0023682	840.547
-0.00211932	837.553
-0.0018732	833.702
-0.00162982	828.688
-0.00138914	821.999
-0.00115113	812.718
-0.000915763	799.027
-0.000682995	776.846
-0.0004528	733.388
-0.000225145	615.71
-1.94289e-16	300
-0.113699	357.625
-0.114335	327.564
-0.112604	412.645
-0.110012	540.082
-0.108314	603.408
-0.106672	661.945
-0.104973	728.099
)
