(title "Static Temperature")
(labels "Position" "Static Temperature")

((xy/key/label "bow_normal")
-0.0968843	834.461
-0.0952144	837.264
-0.0898939	834.691
-0.0884269	835.543
-0.0828378	836.849
-0.0800951	838.076
-0.0762339	839.198
-0.0718772	840.748
-0.0691686	841.858
-0.0670581	842.477
-0.10837	138
-0.110012	138
-0.108342	138
-0.108314	138
-0.106672	138
-0.105837	138
-0.106672	138
-0.0968843	834.461
-0.0990134	839.759
-0.0999306	837.963
-0.100947	770.2
-0.101483	743.754
-0.0999306	837.963
-0.105822	138
-0.105837	138
-0.105419	138
-0.10503	138.005
-0.105002	138.005
-0.104973	138.007
-0.104528	137.959
-0.104209	137.916
-0.104051	137.864
-0.103831	141.833
-0.103573	145.36
-0.103388	165.188
-0.103096	199.85
-1.94289e-16	300
-0.000225145	656.059
-0.0004528	780.72
-0.000682995	823.708
-0.000915763	839.776
-0.00115113	847.762
-0.00138914	852.216
-0.00162982	854.625
-0.0018732	855.727
-0.00211932	856.011
-0.0023682	855.825
-0.00261989	855.401
-0.00287442	854.885
-0.00313183	854.358
-0.00339215	853.851
-0.00365542	853.373
-0.00392167	852.913
-0.00419094	852.461
-0.00446328	852.03
-0.00473872	851.651
-0.0050173	851.355
-0.00627763	850.551
-0.00643129	850.471
-0.00684062	850.358
-0.00810871	850
-0.00909693	849.814
-0.0098362	849.667
-0.0109371	849.474
-0.011645	849.352
-0.0119231	849.312
-0.0134151	849.081
-0.0143822	848.961
-0.0151869	848.853
-0.0163912	848.725
-0.0169975	848.668
-0.0182715	848.55
-0.0186062	848.527
-0.0205565	848.411
-0.0218804	848.288
-0.102888	267.812
-0.103096	199.85
-0.10229	482.013
-0.101723	659.956
-0.101483	743.754
-0.0670581	842.477
-0.0651788	842.955
-0.0615258	843.838
-0.060984	843.946
-0.0547805	845.109
-0.0546459	845.132
-0.0514555	845.637
-0.0483049	846.088
-0.0481568	846.113
-0.0479599	846.139
-0.0441777	846.618
-0.0418529	846.871
-0.0404733	847.051
-0.0389273	847.194
-0.0367871	847.369
-0.0354551	847.452
-0.034149	847.579
-0.0319749	847.704
-0.0307874	847.768
-0.0304397	847.773
-0.0287646	847.832
-0.0281653	847.839
-0.0267113	847.942
-0.0254526	848.003
-0.0235753	848.172
-0.0218804	848.288
-0.2	138
-0.197902	138
-0.193131	138
-0.182512	138
-0.176153	138
-0.169744	138
-0.160669	138
-0.158227	138
-0.150403	138
-0.141522	138
-0.138192	138
-0.127832	138
-0.1273	138
-0.125988	138
-0.117626	138
-0.112604	138
-0.113699	138
-0.114335	138
-0.117626	138
-0.111855	138
-0.112604	138
-0.11142	138
-0.110012	138
)
