(title "Static Temperature")
(labels "Position" "Static Temperature")

((xy/key/label "bow_normal")
-0.117626	137.815
-0.125988	137.985
-0.1273	138.017
-0.127832	138.016
-0.138192	137.999
-0.141522	137.999
-0.150403	138
-0.158227	138
-0.160669	138
-0.169744	138
-0.176153	138
-0.182512	138
-0.193131	138
-0.197902	138
-0.2	138
-0.100947	798.535
-0.103096	792.409
-0.0968843	814.827
-0.0952144	815.957
-0.0898939	818.576
-0.0884269	819.243
-0.0828378	821.52
-0.0800951	822.541
-0.0762339	823.899
-0.0718772	825.313
-0.0691686	826.099
-0.0670581	826.722
-0.0651788	827.237
-0.0615258	828.223
-0.060984	828.36
-0.0547805	829.874
-0.0546459	829.904
-0.0514555	830.61
-0.0483049	831.271
-0.0481568	831.302
-0.0479599	831.34
-0.0441777	832.066
-0.0418529	832.485
-0.0404733	832.726
-0.0389273	832.984
-0.0367871	833.335
-0.0354551	833.548
-0.034149	833.742
-0.0319749	834.061
-0.0307874	834.233
-0.0304397	834.284
-0.0287646	834.511
-0.0281653	834.594
-0.0267113	834.77
-0.0254526	834.923
-0.0235753	835.125
-0.0218804	835.307
-0.0205565	835.433
-0.0186062	835.624
-0.0182715	835.654
-0.0169975	835.761
-0.0163912	835.811
-0.0151869	835.906
-0.0143822	835.969
-0.0134151	836.035
-0.0119231	836.132
-0.011645	836.151
-0.0109371	836.192
-0.0098362	836.254
-0.00909693	836.292
-0.00810871	836.351
-0.00684062	836.473
-0.00643129	836.51
-0.00627763	836.544
-0.0050173	836.863
-0.00473872	836.925
-0.00446328	836.991
-0.00419094	837.089
-0.00392167	837.261
-0.00365542	837.554
-0.00339215	837.971
-0.00313183	838.448
-0.00287442	838.901
-0.00261989	839.284
-0.0023682	839.555
-0.00211932	839.601
-0.0018732	839.178
-0.00162982	837.739
-0.00138914	834.026
-0.00115113	826.579
-0.000915763	814.715
-0.000682995	795.695
-0.0004528	756.157
-0.000225145	638.917
-1.94289e-16	300
-0.112604	142.532
-0.113699	138.168
-0.114335	138.17
-0.117626	137.815
-0.104973	666.537
-0.106672	538.595
-0.103096	792.409
-0.111855	152.205
-0.112604	142.532
-0.11142	153.152
-0.110012	165.788
-0.10837	271.473
-0.108342	274.05
-0.108314	277.402
-0.106672	538.595
)
