(title "Static Temperature")
(labels "Position" "Static Temperature")

((xy/key/label "bow_normal")
-0.117626	137.995
-0.125988	138
-0.1273	138.001
-0.127832	138.001
-0.138192	138
-0.141522	138
-0.150403	138
-0.158227	138
-0.160669	138
-0.169744	138
-0.176153	138
-0.182512	138
-0.193131	138
-0.197902	138
-0.2	138
-0.0968843	820.986
-0.100947	777.764
-0.0952144	822.039
-0.0898939	824.605
-0.0884269	825.342
-0.0828378	827.529
-0.0800951	828.889
-0.0762339	830.313
-0.0718772	832.015
-0.0691686	833.053
-0.0670581	833.803
-0.0651788	834.397
-0.0615258	835.64
-0.060984	835.81
-0.0547805	837.644
-0.0546459	837.685
-0.0514555	838.458
-0.0483049	839.334
-0.0481568	839.364
-0.0479599	839.41
-0.0441777	840.19
-0.0418529	840.731
-0.0404733	840.963
-0.0389273	841.25
-0.0367871	841.633
-0.0354551	841.901
-0.034149	842.077
-0.0319749	842.417
-0.0307874	842.601
-0.0304397	842.667
-0.0287646	842.901
-0.0281653	842.999
-0.0267113	843.145
-0.0254526	843.288
-0.0235753	843.427
-0.0218804	843.571
-0.0205565	843.658
-0.0186062	843.842
-0.0182715	843.872
-0.0169975	843.958
-0.0163912	843.997
-0.0151869	844.054
-0.0143822	844.073
-0.0134151	844.104
-0.0119231	844.119
-0.011645	844.125
-0.0109371	844.12
-0.0098362	844.113
-0.00909693	844.081
-0.00810871	844.039
-0.00684062	843.853
-0.00643129	843.795
-0.00627763	843.744
-0.0050173	843.24
-0.00473872	843.069
-0.00446328	842.849
-0.00419094	842.59
-0.00392167	842.311
-0.00365542	842.026
-0.00339215	841.74
-0.00313183	841.449
-0.00287442	841.164
-0.00261989	840.896
-0.0023682	840.572
-0.00211932	839.962
-0.0018732	838.702
-0.00162982	836.582
-0.00138914	833.506
-0.00115113	828.629
-0.000915763	819.888
-0.000682995	802.148
-0.0004528	757.505
-0.000225145	637.457
-1.94289e-16	300
-0.112604	137.887
-0.113699	138.036
-0.114335	138.031
-0.117626	137.995
-0.111855	137.783
-0.112604	137.887
-0.11142	137.756
-0.110012	137.6
-0.10837	141.943
-0.108342	142.033
-0.108314	143.315
-0.106672	216.388
-0.10503	499.367
-0.105002	504.304
-0.104973	508.705
-0.103096	765.907
-0.100947	777.764
-0.103096	765.907
)
