(title "Static Temperature")
(labels "Position" "Static Temperature")

((xy/key/label "boundary_layer_determination")
0.166005	306.673
0.165005	306.676
0.164005	306.679
0.163005	306.682
0.162004	306.685
0.161004	306.689
0.160004	306.692
0.159004	306.696
0.158004	306.699
0.157004	306.702
0.156004	306.705
0.155004	306.708
0.154004	306.709
0.153004	306.709
0.152003	306.708
0.151003	306.705
0.150003	306.701
0.149003	306.695
0.148003	306.687
0.147003	306.678
0.146003	306.669
0.145003	306.659
0.144003	306.65
0.143003	306.642
0.142003	306.634
0.141003	306.626
0.140002	306.619
0.139002	306.612
0.138002	306.605
0.137002	306.598
0.136002	306.591
0.135002	306.584
0.134002	306.582
0.133002	306.629
0.132002	306.611
0.131002	306.599
0.130002	306.589
0.129002	306.581
0.128002	306.575
0.127002	306.57
0.126001	306.567
0.125001	306.564
0.124001	306.561
0.123001	306.557
0.122001	306.552
0.121001	306.545
0.120001	306.535
0.119001	306.523
0.118001	306.508
0.117001	306.491
0.116001	306.473
0.115001	306.454
0.114001	306.436
0.113001	306.417
0.112001	306.399
0.111001	306.382
0.110001	306.366
0.109	306.35
0.108	306.336
0.107	306.322
0.106	306.309
0.105	306.297
0.104	306.285
0.103	306.273
0.102	306.261
0.101	306.247
0.1	306.231
0.0989999	306.21
0.0979999	306.186
0.0969999	306.16
0.0959998	306.133
0.0949997	306.107
0.0939997	306.084
0.0929996	306.064
0.0919996	306.046
0.0909995	306.026
0.0899995	306.003
0.0889994	305.976
0.0879994	305.946
0.0869993	305.911
0.0859993	305.874
0.0849992	305.834
0.0839991	305.792
0.0829991	305.749
0.081999	305.705
0.080999	305.66
0.0799989	305.614
0.0789988	305.568
0.0779988	305.52
0.0769987	305.472
0.0759986	305.422
0.0749986	305.37
0.0739985	305.315
0.0729984	305.259
0.0719984	305.202
0.0709983	305.146
0.0699982	305.09
0.0689982	305.035
0.0679981	304.976
0.066998	304.906
0.065998	304.812
0.0649979	304.752
0.0639978	304.688
0.0629977	304.621
0.0619977	304.55
0.0609976	304.474
0.0599975	304.392
0.0589974	304.306
0.0579974	304.216
0.0569973	304.125
0.0559972	304.034
0.0549971	303.942
0.053997	303.85
0.0529969	303.758
0.0519969	303.665
0.0509968	303.572
0.0499967	303.478
0.0489966	303.379
0.0479965	303.273
0.0469964	303.16
0.0459963	303.038
0.0449962	302.91
0.0439961	302.778
0.042996	302.642
0.0419959	302.504
0.0409958	302.363
0.0399957	302.217
0.0389956	302.067
0.0379955	301.914
0.0369954	301.762
0.0359953	301.623
0.0349952	301.506
0.0339951	301.411
0.032995	301.334
0.0319949	301.273
0.0309948	301.225
0.0299946	301.186
0.0289945	301.154
0.0279944	301.128
0.0269943	301.106
0.0259942	301.086
0.024994	301.067
0.0239939	301.052
0.0229938	301.051
0.0219936	301.081
0.0209935	301.148
0.0199934	301.246
0.0189932	301.36
0.0179931	301.464
0.0169929	301.544
0.0159928	301.597
0.0149926	301.625
0.0139925	301.639
0.0129923	301.643
0.0119922	301.643
0.010992	301.642
0.00999185	301.643
0.00899168	301.646
0.00799151	301.646
0.00699134	301.628
0.00599116	301.577
0.00499098	301.482
0.0039908	301.348
0.00299062	301.319
0.00199043	301.604
0.000990232	302.009
0.000990232	302.009
0.000490134	304.494
0.000490133	304.494
0.000240073	310.547
0.000240071	310.549
0.000115038	328.202
-7.5129e-12	353.491
0.166005	306.673
0.167005	306.67
0.168005	306.667
0.169005	306.663
0.170005	306.659
0.171005	306.656
0.172006	306.652
0.173006	306.649
0.174006	306.647
0.175006	306.645
0.176006	306.644
0.177006	306.643
0.178006	306.642
0.179007	306.641
0.180007	306.641
0.181007	306.64
0.182007	306.639
0.183007	306.639
0.184007	306.638
0.185007	306.637
0.186008	306.635
0.187008	306.633
0.188008	306.631
0.189008	306.628
0.190008	306.625
0.191008	306.621
0.192008	306.616
0.193009	306.609
0.194009	306.599
0.195009	306.585
0.196009	306.568
0.197009	306.559
0.19801	306.538
0.19901	306.286
0.2	307.282
)
