(title "Surface Stanton Number")
(labels "Surface Stanton Number" "Position")

((xy/key/label "walls")
-0.000809211	-0.1
-0.00080436	-0.1
-0.00079917	-0.1
-0.000793641	-0.1
-0.000787729	-0.1
-0.000781345	-0.1
-0.000774391	-0.1
-0.000766807	-0.1
-0.000758609	-0.1
-0.00074989	-0.1
-0.000740817	-0.1
-0.000731589	-0.1
-0.000722403	-0.1
-0.000713421	-0.1
-0.000704769	-0.1
-0.000696543	-0.1
-0.000688804	-0.1
-0.000681562	-0.1
-0.000674766	-0.1
-0.000668312	-0.1
-0.000662058	-0.1
-0.000655853	-0.1
-0.000649578	-0.1
-0.000643175	-0.1
-0.000636626	-0.1
-0.000629914	-0.1
-0.000622996	-0.1
-0.000615812	-0.1
-0.00060831	-0.1
-0.000600501	-0.1
-0.000592481	-0.1
-0.000584401	-0.1
-0.000576397	-0.1
-0.000568502	-0.1
-0.000560656	-0.1
-0.000552822	-0.1
-0.000544946	-0.1
-0.000536952	-0.1
-0.000528846	-0.1
-0.000520672	-0.1
-0.000512436	-0.1
-0.000504102	-0.1
-0.000495613	-0.1
-0.000486924	-0.1
-0.000478044	-0.1
-0.000469072	-0.1
-0.000460154	-0.1
-0.000451357	-0.1
-0.000442499	-0.1
-0.000432519	-0.1
-0.000424976	-0.1
-0.000419853	-0.1
-0.000413845	-0.1
-0.000407718	-0.1
-0.000400986	-0.1
-0.000393563	-0.1
-0.000385577	-0.1
-0.000377266	-0.1
-0.000368775	-0.1
-0.000360049	-0.1
-0.000350957	-0.1
-0.000341474	-0.1
-0.000331718	-0.1
-0.000321801	-0.1
-0.000311701	-0.1
-0.000301343	-0.1
-0.000290775	-0.1
-0.000280202	-0.1
-0.00026987	-0.1
-0.000259921	-0.1
-0.000250285	-0.1
-0.000240483	-0.1
-0.000230218	-0.1
-0.000219461	-0.1
-0.000208092	-0.1
-0.00019615	-0.1
-0.000183892	-0.1
-0.000171814	-0.1
-0.000160307	-0.1
-0.000149378	-0.1
-0.000138955	-0.1
-0.000129125	-0.1
-0.000120029	-0.1
-0.000111791	-0.1
-0.000104555	-0.1
-9.84864e-05	-0.1
-9.37345e-05	-0.1
-9.04083e-05	-0.1
-8.84429e-05	-0.1
-8.74946e-05	-0.1
-8.70455e-05	-0.1
-8.67315e-05	-0.1
-8.66463e-05	-0.1
-8.73578e-05	-0.1
-8.95154e-05	-0.1
-9.33721e-05	-0.1
-9.85225e-05	-0.1
-0.000104037	-0.1
-0.000109207	-0.1
-0.000114244	-0.1
-0.000120072	-0.1
-0.000127375	-0.1
-0.000135904	-0.1
-0.000144774	-0.1
-0.000153259	-0.1
-0.000161451	-0.1
-0.000170209	-0.1
-0.000180143	-0.1
-0.000190949	-0.1
-0.000201981	-0.1
-0.000214325	-0.1
-0.000236618	-0.1
-0.00028639	-0.1
-0.000386575	-0.1
-0.000542959	-0.1
-0.000807461	-0.1
-0.00134895	-0.1
-0.00312505	-0.1
-0.00524315	-0.1
-0.00908064	-0.1
-0.0120888	-0.099875
-0.0110372	-0.09975
-0.00698138	-0.0995
-0.00474451	-0.099
-0.00393071	-0.098
-0.00386569	-0.097
-0.00380191	-0.096
-0.00373192	-0.095
-0.00366449	-0.094
-0.0036032	-0.093
-0.00354655	-0.092
-0.00349319	-0.091
-0.00344238	-0.09
-0.00339382	-0.089
-0.00334733	-0.088
-0.00330274	-0.087
-0.00325987	-0.086
-0.00321854	-0.085
-0.00317862	-0.084
-0.00314	-0.083
-0.00310261	-0.082
-0.00306638	-0.081
-0.00303128	-0.08
-0.00299723	-0.079
-0.00296415	-0.078
-0.00293195	-0.077
-0.00290055	-0.076
-0.00286994	-0.075
-0.00284006	-0.074
-0.00281088	-0.073
-0.00278239	-0.072
-0.00275458	-0.071
-0.00272742	-0.07
-0.0027009	-0.069
-0.00267499	-0.068
-0.00264967	-0.067
-0.00262495	-0.066
-0.00260078	-0.065
-0.00257718	-0.064
-0.00255413	-0.063
-0.00253162	-0.062
-0.00250964	-0.061
-0.00248819	-0.06
-0.00246727	-0.059
-0.00244686	-0.058
-0.00242699	-0.057
-0.00240764	-0.056
-0.0023888	-0.055
-0.00237049	-0.054
-0.0023527	-0.053
-0.00233544	-0.052
-0.0023187	-0.051
-0.00230249	-0.05
-0.00228682	-0.049
-0.00227166	-0.048
-0.00225704	-0.047
-0.00224295	-0.046
-0.00222938	-0.045
-0.00221635	-0.044
-0.00220388	-0.043
-0.00219197	-0.042
-0.00218063	-0.041
-0.00216987	-0.04
-0.00215971	-0.039
-0.00215013	-0.038
-0.00214113	-0.037
-0.00213266	-0.036
-0.0021246	-0.035
-0.00212138	-0.034
-0.00212102	-0.033
-0.00211767	-0.032
-0.00211309	-0.031
-0.00210903	-0.03
-0.00210581	-0.029
-0.00210322	-0.028
-0.00210133	-0.027
-0.00210014	-0.026
-0.00209963	-0.025
-0.00209981	-0.024
-0.00210071	-0.023
-0.00210233	-0.022
-0.00210464	-0.021
-0.00210764	-0.02
-0.0021113	-0.019
-0.00211561	-0.018
-0.00212059	-0.017
-0.00212624	-0.016
-0.00213254	-0.015
-0.00213942	-0.014
-0.002147	-0.013
-0.0021552	-0.012
-0.00216365	-0.011
-0.00217217	-0.01
-0.00218067	-0.009
-0.00218909	-0.008
-0.00219707	-0.007
-0.00220437	-0.006
-0.00221083	-0.005
-0.00221623	-0.004
-0.00222037	-0.003
-0.00222305	-0.002
-0.00222372	-0.001
-0.00222229	4.71845e-16
-0.00221924	0.001
-0.00221431	0.002
-0.00220782	0.003
-0.00220127	0.004
-0.00219506	0.005
-0.00218984	0.006
-0.000972488	0.1
-0.000971689	0.1
-0.000970926	0.1
-0.000970207	0.1
-0.000969527	0.1
-0.000968876	0.1
-0.000968232	0.1
-0.000967563	0.1
-0.000966828	0.1
-0.000965982	0.1
-0.000964977	0.1
-0.000963767	0.1
-0.000962313	0.1
-0.000960578	0.1
-0.000958533	0.1
-0.000956167	0.1
-0.000953497	0.1
-0.000950585	0.1
-0.000947527	0.1
-0.000944445	0.1
-0.000941456	0.1
-0.000938646	0.1
-0.000936044	0.1
-0.000933633	0.1
-0.000931359	0.1
-0.00092916	0.1
-0.000926977	0.1
-0.000924766	0.1
-0.000922512	0.1
-0.00092024	0.1
-0.000917967	0.1
-0.000915499	0.1
-0.000914769	0.1
-0.000912262	0.1
-0.000907564	0.1
-0.000904365	0.1
-0.000901508	0.1
-0.000899154	0.1
-0.000897049	0.1
-0.000895077	0.1
-0.000893073	0.1
-0.000890863	0.1
-0.000888271	0.1
-0.000885125	0.1
-0.000881266	0.1
-0.000876568	0.1
-0.000870971	0.1
-0.000864513	0.1
-0.000857327	0.1
-0.000849623	0.1
-0.00084165	0.1
-0.000833644	0.1
-0.000825784	0.1
-0.000818169	0.1
-0.000810827	0.1
-0.000803749	0.1
-0.000796918	0.1
-0.000790307	0.1
-0.000783874	0.1
-0.000777586	0.1
-0.000771431	0.1
-0.000765413	0.1
-0.00075949	0.1
-0.000753529	0.1
-0.000747299	0.1
-0.000740529	0.1
-0.000732986	0.1
-0.000724586	0.1
-0.000715471	0.1
-0.000706046	0.1
-0.000696905	0.1
-0.000688632	0.1
-0.000681518	0.1
-0.000675385	0.1
-0.000669664	0.1
-0.000663702	0.1
-0.000657059	0.1
-0.000649618	0.1
-0.000641488	0.1
-0.000632847	0.1
-0.000623849	0.1
-0.000614689	0.1
-0.000605559	0.1
-0.000596519	0.1
-0.000587576	0.1
-0.000578749	0.1
-0.000570067	0.1
-0.000561542	0.1
-0.00055316	0.1
-0.000544845	0.1
-0.000536468	0.1
-0.000527898	0.1
-0.000519091	0.1
-0.000510148	0.1
-0.000501291	0.1
-0.000492744	0.1
-0.000484578	0.1
-0.000476585	0.1
-0.000468217	0.1
-0.000457971	0.1
-0.000449217	0.1
-0.000442188	0.1
-0.000433932	0.1
-0.000425557	0.1
-0.000416776	0.1
-0.00040744	0.1
-0.000397477	0.1
-0.000387001	0.1
-0.000376278	0.1
-0.000365562	0.1
-0.000354975	0.1
-0.000344534	0.1
-0.000334201	0.1
-0.000323948	0.1
-0.00031381	0.1
-0.000303817	0.1
-0.000293712	0.1
-0.000283144	0.1
-0.000272051	0.1
-0.000260398	0.1
-0.000248131	0.1
-0.00023539	0.1
-0.000222443	0.1
-0.000209528	0.1
-0.000196734	0.1
-0.000183965	0.1
-0.000171072	0.1
-0.000158074	0.1
-0.000145145	0.1
-0.000132589	0.1
-0.000121204	0.1
-0.000111717	0.1
-0.000104091	0.1
-9.80382e-05	0.1
-9.33e-05	0.1
-8.95814e-05	0.1
-8.66014e-05	0.1
-8.41772e-05	0.1
-8.2207e-05	0.1
-8.0566e-05	0.1
-7.90932e-05	0.1
-7.7669e-05	0.1
-7.64038e-05	0.1
-7.6002e-05	0.1
-7.76225e-05	0.1
-8.20472e-05	0.1
-8.94323e-05	0.1
-9.92566e-05	0.1
-0.00011038	0.1
-0.000121922	0.1
-0.000133292	0.1
-0.000143816	0.1
-0.00015299	0.1
-0.000160716	0.1
-0.000167443	0.1
-0.000174177	0.1
-0.000182114	0.1
-0.000191801	0.1
-0.000202835	0.1
-0.000214471	0.1
-0.000227732	0.1
-0.000251288	0.1
-0.000302959	0.1
-0.000407593	0.1
-0.000573541	0.1
-0.000854062	0.1
-0.0014256	0.1
-0.00330945	0.1
-0.00558876	0.1
-0.009667	0.1
-0.0128335	0.099875
-0.0117118	0.09975
-0.00739568	0.0995
-0.00501888	0.099
-0.00415568	0.098
-0.0040934	0.097
-0.0040324	0.096
-0.00396582	0.095
-0.00390265	0.094
-0.00384622	0.093
-0.00379489	0.092
-0.00374721	0.091
-0.00370234	0.09
-0.00365996	0.089
-0.00361991	0.088
-0.00358203	0.087
-0.00354615	0.086
-0.00351208	0.085
-0.00347968	0.084
-0.00344881	0.083
-0.00341939	0.082
-0.00339133	0.081
-0.00336458	0.08
-0.0033391	0.079
-0.00331481	0.078
-0.00329165	0.077
-0.00326952	0.076
-0.00324836	0.075
-0.00322814	0.074
-0.00320881	0.073
-0.00319032	0.072
-0.00317262	0.071
-0.00315567	0.07
-0.00313944	0.069
-0.00312387	0.068
-0.00310896	0.067
-0.00309468	0.066
-0.00308099	0.065
-0.00306786	0.064
-0.00305525	0.063
-0.00304313	0.062
-0.00303148	0.061
-0.00302025	0.06
-0.00300933	0.059
-0.00299868	0.058
-0.00298828	0.057
-0.0029781	0.056
-0.0029681	0.055
-0.00295826	0.054
-0.00294852	0.053
-0.00293885	0.052
-0.00292923	0.051
-0.00291965	0.05
-0.00291008	0.049
-0.00290057	0.048
-0.00289123	0.047
-0.00288211	0.046
-0.00287316	0.045
-0.0028643	0.044
-0.00285542	0.043
-0.00284631	0.042
-0.00283664	0.041
-0.00282594	0.04
-0.00281348	0.039
-0.00279834	0.038
-0.00277943	0.037
-0.00275546	0.036
-0.00272487	0.035
-0.00269148	0.034
-0.00265183	0.033
-0.00260081	0.032
-0.00254724	0.031
-0.00249986	0.03
-0.00246361	0.029
-0.00244277	0.028
-0.00244124	0.027
-0.00245778	0.026
-0.00247766	0.025
-0.00246659	0.024
-0.00239851	0.023
-0.00229636	0.022
-0.0022072	0.021
-0.00216295	0.02
-0.00218205	0.019
-0.00225611	0.018
-0.00234704	0.017
-0.00241254	0.016
-0.00242087	0.015
-0.00237669	0.014
-0.00231601	0.013
-0.00226215	0.012
-0.00222187	0.011
-0.00219777	0.01
-0.00218666	0.009
-0.00218401	0.008
-0.00218612	0.007
-0.00218984	0.006
-0.000972488	0.1
-0.000973304	0.1
-0.000974104	0.1
-0.000974847	0.1
-0.000975508	0.1
-0.000976088	0.1
-0.000976621	0.1
-0.00097716	0.1
-0.000977754	0.1
-0.000978434	0.1
-0.000979207	0.1
-0.000980058	0.1
-0.000980962	0.1
-0.0009819	0.1
-0.00098286	0.1
-0.00098384	0.1
-0.000984839	0.1
-0.00098585	0.1
-0.000986864	0.1
-0.00098787	0.1
-0.000988855	0.1
-0.000989809	0.1
-0.000990725	0.1
-0.000991595	0.1
-0.000992414	0.1
-0.000993192	0.1
-0.000993985	0.1
-0.000994945	0.1
-0.000996437	0.1
-0.000999248	0.1
-0.00100556	0.1
-0.0010196	0.1
-0.00104408	0.1
-0.00109906	0.1
-0.000923448	0.1
-0.000577423	0.099
-0.000331888	0.098
-0.000162867	0.097
-9.1292e-05	0.096
-7.95069e-05	0.095
-0.000100885	0.094
-0.000117583	0.093
-0.000115436	0.092
-0.000108591	0.091
-0.000102464	0.09
-9.8249e-05	0.089
-9.64324e-05	0.088
-9.66103e-05	0.087
-9.81011e-05	0.086
-0.000100424	0.085
-0.000103138	0.084
-0.00010587	0.083
-0.000108355	0.082
-0.000110367	0.081
-0.000111711	0.08
-0.000111536	0.079
-0.000107621	0.078
-0.000101068	0.077
-9.442e-05	0.076
-8.76144e-05	0.075
-8.07238e-05	0.074
-7.38386e-05	0.073
-6.70638e-05	0.072
-6.05036e-05	0.071
-5.42571e-05	0.07
-4.84862e-05	0.069
-4.33295e-05	0.068
-3.88709e-05	0.067
-3.52182e-05	0.066
-3.23911e-05	0.065
-3.02289e-05	0.064
-2.85477e-05	0.063
-2.72754e-05	0.062
-2.64097e-05	0.061
-2.60159e-05	0.06
-2.62427e-05	0.059
-2.71811e-05	0.058
-2.88633e-05	0.057
-3.12711e-05	0.056
-3.42643e-05	0.055
-3.76941e-05	0.054
-4.14343e-05	0.053
-4.52865e-05	0.052
-4.92833e-05	0.051
-5.34856e-05	0.05
-5.77728e-05	0.049
-6.211e-05	0.048
-6.64739e-05	0.047
-7.08336e-05	0.046
-7.51576e-05	0.045
-7.94272e-05	0.044
-8.36297e-05	0.043
-8.77549e-05	0.042
-9.17983e-05	0.041
-9.5757e-05	0.04
-9.96328e-05	0.039
-0.000103432	0.038
-0.000107166	0.037
-0.000110846	0.036
-0.000114485	0.035
-0.000118119	0.034
-0.00012165	0.033
-0.00012509	0.032
-0.000128567	0.031
-0.000132072	0.03
-0.000135594	0.029
-0.000139126	0.028
-0.000142663	0.027
-0.000146205	0.026
-0.000149749	0.025
-0.000153287	0.024
-0.000156805	0.023
-0.000160284	0.022
-0.000163704	0.021
-0.000167034	0.02
-0.000170243	0.019
-0.000173306	0.018
-0.000176218	0.017
-0.000178986	0.016
-0.000181607	0.015
-0.000184088	0.014
-0.000186458	0.013
-0.000188748	0.012
-0.000190975	0.011
-0.000193123	0.01
-0.000195181	0.009
-0.00019715	0.008
-0.000199017	0.007
-0.000200788	0.006
-0.00020261	0.005
-0.000204609	0.004
-0.000205302	0.003
-0.000204449	0.002
-0.000203268	0.001
-0.000201842	-4.71845e-16
-0.000200314	-0.001
-0.000198749	-0.002
-0.000197159	-0.003
-0.000195491	-0.004
-0.000193694	-0.005
-0.000191748	-0.006
-0.000189664	-0.007
-0.000187467	-0.008
-0.000185161	-0.009
-0.000182741	-0.01
-0.000180216	-0.011
-0.00017759	-0.012
-0.000174846	-0.013
-0.000171966	-0.014
-0.00016895	-0.015
-0.000165813	-0.016
-0.00016257	-0.017
-0.000159238	-0.018
-0.000155833	-0.019
-0.000152366	-0.02
-0.000148845	-0.021
-0.000145277	-0.022
-0.000141666	-0.023
-0.000138019	-0.024
-0.000134338	-0.025
-0.000130623	-0.026
-0.000126873	-0.027
-0.000123078	-0.028
-0.000119231	-0.029
-0.000115322	-0.03
-0.000111343	-0.031
-0.000107289	-0.032
-0.00010316	-0.033
-9.88705e-05	-0.034
-9.44193e-05	-0.035
-8.98782e-05	-0.036
-8.52349e-05	-0.037
-8.05027e-05	-0.038
-7.57024e-05	-0.039
-7.08604e-05	-0.04
-6.60083e-05	-0.041
-6.11863e-05	-0.042
-5.64358e-05	-0.043
-5.17953e-05	-0.044
-4.73081e-05	-0.045
-4.30054e-05	-0.046
-3.88979e-05	-0.047
-3.50375e-05	-0.048
-3.16823e-05	-0.049
-2.91586e-05	-0.05
-2.76339e-05	-0.051
-2.70971e-05	-0.052
-2.73064e-05	-0.053
-2.79471e-05	-0.054
-2.87302e-05	-0.055
-2.94079e-05	-0.056
-2.99776e-05	-0.057
-3.05905e-05	-0.058
-3.1468e-05	-0.059
-3.29359e-05	-0.06
-3.52573e-05	-0.061
-3.85648e-05	-0.062
-4.28507e-05	-0.063
-4.79898e-05	-0.064
-5.38315e-05	-0.065
-6.02535e-05	-0.066
-6.71124e-05	-0.067
-7.42305e-05	-0.068
-8.143e-05	-0.069
-8.85234e-05	-0.07
-9.53644e-05	-0.071
-0.000101804	-0.072
-0.000107669	-0.073
-0.000112782	-0.074
-0.000117174	-0.075
-0.000119985	-0.076
-0.000119951	-0.077
-0.000117995	-0.078
-0.000115392	-0.079
-0.00011221	-0.08
-0.000108547	-0.081
-0.000104522	-0.082
-0.000100312	-0.083
-9.62353e-05	-0.084
-9.25602e-05	-0.085
-8.985e-05	-0.086
-8.84136e-05	-0.087
-8.85936e-05	-0.088
-9.11916e-05	-0.089
-9.64902e-05	-0.09
-0.000103741	-0.091
-0.000111623	-0.092
-0.000114529	-0.093
-9.85208e-05	-0.094
-7.78584e-05	-0.095
-8.89809e-05	-0.096
-0.000156348	-0.097
-0.000314918	-0.098
-0.000543095	-0.099
-0.000872	-0.1
-0.00104404	-0.1
-0.000992065	-0.1
-0.000966128	-0.1
-0.000950076	-0.1
-0.000941911	-0.1
-0.000937346	-0.1
-0.000934279	-0.1
-0.000931942	-0.1
-0.000929943	-0.1
-0.000928071	-0.1
-0.000926196	-0.1
-0.000924239	-0.1
-0.000922155	-0.1
-0.000919924	-0.1
-0.000917553	-0.1
-0.000915063	-0.1
-0.000912486	-0.1
-0.000909868	-0.1
-0.000907263	-0.1
-0.000904734	-0.1
-0.000902348	-0.1
-0.000900165	-0.1
-0.000898231	-0.1
-0.000896571	-0.1
-0.000895178	-0.1
-0.000894013	-0.1
-0.000893012	-0.1
-0.000892099	-0.1
-0.000891204	-0.1
-0.000890278	-0.1
-0.000889292	-0.1
-0.00088824	-0.1
-0.000887121	-0.1
-0.000885946	-0.1
-0.000884723	-0.1
-0.000883466	-0.1
-0.000882189	-0.1
-0.000880911	-0.1
-0.000879664	-0.1
-0.000878493	-0.1
-0.00087746	-0.1
-0.000876633	-0.1
-0.000876077	-0.1
-0.000875838	-0.1
-0.000875932	-0.1
-0.000876332	-0.1
-0.000876968	-0.1
-0.000877734	-0.1
-0.000878504	-0.1
-0.000879149	-0.1
-0.000879551	-0.1
-0.000879616	-0.1
-0.000879275	-0.1
-0.000878484	-0.1
-0.000877231	-0.1
-0.000875544	-0.1
-0.000873498	-0.1
-0.000871206	-0.1
-0.000868811	-0.1
-0.000866463	-0.1
-0.000864306	-0.1
-0.000862469	-0.1
-0.000861044	-0.1
-0.000860023	-0.1
-0.000859111	-0.1
-0.000860143	-0.1
-0.00085988	-0.1
-0.000857312	-0.1
-0.000855347	-0.1
-0.00085293	-0.1
-0.000850274	-0.1
-0.000847288	-0.1
-0.000844099	-0.1
-0.000840866	-0.1
-0.000837756	-0.1
-0.000834877	-0.1
-0.000832236	-0.1
-0.000829734	-0.1
-0.000827198	-0.1
-0.000824442	-0.1
-0.000821315	-0.1
-0.000817735	-0.1
-0.000813687	-0.1
-0.000809211	-0.1
)
