(title "Surface Stanton Number")
(labels "Position" "Surface Stanton Number")

((xy/key/label "walls")
0.116	-0.000809211
0.115	-0.00080436
0.114	-0.00079917
0.113	-0.000793641
0.112	-0.000787729
0.111	-0.000781345
0.11	-0.000774391
0.109	-0.000766807
0.108	-0.000758609
0.107	-0.00074989
0.106	-0.000740817
0.105	-0.000731589
0.104	-0.000722403
0.103	-0.000713421
0.102	-0.000704769
0.101	-0.000696543
0.1	-0.000688804
0.099	-0.000681562
0.098	-0.000674766
0.097	-0.000668312
0.096	-0.000662058
0.095	-0.000655853
0.094	-0.000649578
0.093	-0.000643175
0.092	-0.000636626
0.091	-0.000629914
0.09	-0.000622996
0.089	-0.000615812
0.088	-0.00060831
0.087	-0.000600501
0.086	-0.000592481
0.085	-0.000584401
0.084	-0.000576397
0.083	-0.000568502
0.082	-0.000560656
0.081	-0.000552822
0.08	-0.000544946
0.079	-0.000536952
0.078	-0.000528846
0.077	-0.000520672
0.076	-0.000512436
0.075	-0.000504102
0.074	-0.000495613
0.073	-0.000486924
0.072	-0.000478044
0.071	-0.000469072
0.07	-0.000460154
0.069	-0.000451357
0.068	-0.000442499
0.067	-0.000432519
0.066	-0.000424976
0.065	-0.000419853
0.064	-0.000413845
0.063	-0.000407718
0.062	-0.000400986
0.061	-0.000393563
0.06	-0.000385577
0.059	-0.000377266
0.058	-0.000368775
0.057	-0.000360049
0.056	-0.000350957
0.055	-0.000341474
0.054	-0.000331718
0.053	-0.000321801
0.052	-0.000311701
0.051	-0.000301343
0.05	-0.000290775
0.049	-0.000280202
0.048	-0.00026987
0.047	-0.000259921
0.046	-0.000250285
0.045	-0.000240483
0.044	-0.000230218
0.043	-0.000219461
0.042	-0.000208092
0.041	-0.00019615
0.04	-0.000183892
0.039	-0.000171814
0.038	-0.000160307
0.037	-0.000149378
0.036	-0.000138955
0.035	-0.000129125
0.034	-0.000120029
0.033	-0.000111791
0.032	-0.000104555
0.031	-9.84864e-05
0.03	-9.37345e-05
0.029	-9.04083e-05
0.028	-8.84429e-05
0.027	-8.74946e-05
0.026	-8.70455e-05
0.025	-8.67315e-05
0.024	-8.66463e-05
0.023	-8.73578e-05
0.022	-8.95154e-05
0.021	-9.33721e-05
0.02	-9.85225e-05
0.019	-0.000104037
0.018	-0.000109207
0.017	-0.000114244
0.016	-0.000120072
0.015	-0.000127375
0.014	-0.000135904
0.013	-0.000144774
0.012	-0.000153259
0.011	-0.000161451
0.01	-0.000170209
0.00900003	-0.000180143
0.00800003	-0.000190949
0.00700003	-0.000201981
0.00600003	-0.000214325
0.00500003	-0.000236618
0.00400003	-0.00028639
0.00300003	-0.000386575
0.00200003	-0.000542959
0.00100003	-0.000807461
0.000500016	-0.00134895
0.000250008	-0.00312505
0.000125004	-0.00524315
0	-0.00908064
-2.42861e-19	-0.0120888
-4.85723e-19	-0.0110372
-9.71445e-19	-0.00698138
-1.94289e-18	-0.00474451
-3.88578e-18	-0.00393071
-5.82867e-18	-0.00386569
-7.77156e-18	-0.00380191
-9.71445e-18	-0.00373192
-1.16573e-17	-0.00366449
-1.36002e-17	-0.0036032
-1.55431e-17	-0.00354655
-1.7486e-17	-0.00349319
-1.94289e-17	-0.00344238
-2.13718e-17	-0.00339382
-2.33147e-17	-0.00334733
-2.52576e-17	-0.00330274
-2.72005e-17	-0.00325987
-2.91434e-17	-0.00321854
-3.10862e-17	-0.00317862
-3.30291e-17	-0.00314
-3.4972e-17	-0.00310261
-3.69149e-17	-0.00306638
-3.88578e-17	-0.00303128
-4.08007e-17	-0.00299723
-4.27436e-17	-0.00296415
-4.46865e-17	-0.00293195
-4.66294e-17	-0.00290055
-4.85723e-17	-0.00286994
-5.05151e-17	-0.00284006
-5.2458e-17	-0.00281088
-5.44009e-17	-0.00278239
-5.63438e-17	-0.00275458
-5.82867e-17	-0.00272742
-6.02296e-17	-0.0027009
-6.21725e-17	-0.00267499
-6.41154e-17	-0.00264967
-6.60583e-17	-0.00262495
-6.80012e-17	-0.00260078
-6.99441e-17	-0.00257718
-7.18869e-17	-0.00255413
-7.38298e-17	-0.00253162
-7.57727e-17	-0.00250964
-7.77156e-17	-0.00248819
-7.96585e-17	-0.00246727
-8.16014e-17	-0.00244686
-8.35443e-17	-0.00242699
-8.54872e-17	-0.00240764
-8.74301e-17	-0.0023888
-8.9373e-17	-0.00237049
-9.13158e-17	-0.0023527
-9.32587e-17	-0.00233544
-9.52016e-17	-0.0023187
-9.71445e-17	-0.00230249
-9.90874e-17	-0.00228682
-1.0103e-16	-0.00227166
-1.02973e-16	-0.00225704
-1.04916e-16	-0.00224295
-1.06859e-16	-0.00222938
-1.08802e-16	-0.00221635
-1.10745e-16	-0.00220388
-1.12688e-16	-0.00219197
-1.14631e-16	-0.00218063
-1.16573e-16	-0.00216987
-1.18516e-16	-0.00215971
-1.20459e-16	-0.00215013
-1.22402e-16	-0.00214113
-1.24345e-16	-0.00213266
-1.26288e-16	-0.0021246
-1.28231e-16	-0.00212138
-1.30174e-16	-0.00212102
-1.32117e-16	-0.00211767
-1.34059e-16	-0.00211309
-1.36002e-16	-0.00210903
-1.37945e-16	-0.00210581
-1.39888e-16	-0.00210322
-1.41831e-16	-0.00210133
-1.43774e-16	-0.00210014
-1.45717e-16	-0.00209963
-1.4766e-16	-0.00209981
-1.49603e-16	-0.00210071
-1.51545e-16	-0.00210233
-1.53488e-16	-0.00210464
-1.55431e-16	-0.00210764
-1.57374e-16	-0.0021113
-1.59317e-16	-0.00211561
-1.6126e-16	-0.00212059
-1.63203e-16	-0.00212624
-1.65146e-16	-0.00213254
-1.67089e-16	-0.00213942
-1.69031e-16	-0.002147
-1.70974e-16	-0.0021552
-1.72917e-16	-0.00216365
-1.7486e-16	-0.00217217
-1.76803e-16	-0.00218067
-1.78746e-16	-0.00218909
-1.80689e-16	-0.00219707
-1.82632e-16	-0.00220437
-1.84575e-16	-0.00221083
-1.86517e-16	-0.00221623
-1.8846e-16	-0.00222037
-1.90403e-16	-0.00222305
-1.92346e-16	-0.00222372
-1.94289e-16	-0.00222229
-1.96232e-16	-0.00221924
-1.98175e-16	-0.00221431
-2.00118e-16	-0.00220782
-2.02061e-16	-0.00220127
-2.04003e-16	-0.00219506
-2.05946e-16	-0.00218984
0.166	-0.000972488
0.165	-0.000971689
0.164	-0.000970926
0.163	-0.000970207
0.162	-0.000969527
0.161	-0.000968876
0.16	-0.000968232
0.159	-0.000967563
0.158	-0.000966828
0.157	-0.000965982
0.156	-0.000964977
0.155	-0.000963767
0.154	-0.000962313
0.153	-0.000960578
0.152	-0.000958533
0.151	-0.000956167
0.15	-0.000953497
0.149	-0.000950585
0.148	-0.000947527
0.147	-0.000944445
0.146	-0.000941456
0.145	-0.000938646
0.144	-0.000936044
0.143	-0.000933633
0.142	-0.000931359
0.141	-0.00092916
0.14	-0.000926977
0.139	-0.000924766
0.138	-0.000922512
0.137	-0.00092024
0.136	-0.000917967
0.135	-0.000915499
0.134	-0.000914769
0.133	-0.000912262
0.132	-0.000907564
0.131	-0.000904365
0.13	-0.000901508
0.129	-0.000899154
0.128	-0.000897049
0.127	-0.000895077
0.126	-0.000893073
0.125	-0.000890863
0.124	-0.000888271
0.123	-0.000885125
0.122	-0.000881266
0.121	-0.000876568
0.12	-0.000870971
0.119	-0.000864513
0.118	-0.000857327
0.117	-0.000849623
0.116	-0.00084165
0.115	-0.000833644
0.114	-0.000825784
0.113	-0.000818169
0.112	-0.000810827
0.111	-0.000803749
0.11	-0.000796918
0.109	-0.000790307
0.108	-0.000783874
0.107	-0.000777586
0.106	-0.000771431
0.105	-0.000765413
0.104	-0.00075949
0.103	-0.000753529
0.102	-0.000747299
0.101	-0.000740529
0.1	-0.000732986
0.099	-0.000724586
0.098	-0.000715471
0.097	-0.000706046
0.096	-0.000696905
0.095	-0.000688632
0.094	-0.000681518
0.093	-0.000675385
0.092	-0.000669664
0.091	-0.000663702
0.09	-0.000657059
0.089	-0.000649618
0.088	-0.000641488
0.087	-0.000632847
0.086	-0.000623849
0.085	-0.000614689
0.084	-0.000605559
0.083	-0.000596519
0.082	-0.000587576
0.081	-0.000578749
0.08	-0.000570067
0.079	-0.000561542
0.078	-0.00055316
0.077	-0.000544845
0.076	-0.000536468
0.075	-0.000527898
0.074	-0.000519091
0.073	-0.000510148
0.072	-0.000501291
0.071	-0.000492744
0.07	-0.000484578
0.069	-0.000476585
0.068	-0.000468217
0.067	-0.000457971
0.066	-0.000449217
0.065	-0.000442188
0.064	-0.000433932
0.063	-0.000425557
0.062	-0.000416776
0.061	-0.00040744
0.06	-0.000397477
0.059	-0.000387001
0.058	-0.000376278
0.057	-0.000365562
0.056	-0.000354975
0.055	-0.000344534
0.054	-0.000334201
0.053	-0.000323948
0.052	-0.00031381
0.051	-0.000303817
0.05	-0.000293712
0.049	-0.000283144
0.048	-0.000272051
0.047	-0.000260398
0.046	-0.000248131
0.045	-0.00023539
0.044	-0.000222443
0.043	-0.000209528
0.042	-0.000196734
0.041	-0.000183965
0.04	-0.000171072
0.039	-0.000158074
0.038	-0.000145145
0.037	-0.000132589
0.036	-0.000121204
0.035	-0.000111717
0.034	-0.000104091
0.033	-9.80382e-05
0.032	-9.33e-05
0.031	-8.95814e-05
0.03	-8.66014e-05
0.029	-8.41772e-05
0.028	-8.2207e-05
0.027	-8.0566e-05
0.026	-7.90932e-05
0.025	-7.7669e-05
0.024	-7.64038e-05
0.023	-7.6002e-05
0.022	-7.76225e-05
0.021	-8.20472e-05
0.02	-8.94323e-05
0.019	-9.92566e-05
0.018	-0.00011038
0.017	-0.000121922
0.016	-0.000133292
0.015	-0.000143816
0.014	-0.00015299
0.013	-0.000160716
0.012	-0.000167443
0.011	-0.000174177
0.01	-0.000182114
0.00900003	-0.000191801
0.00800003	-0.000202835
0.00700003	-0.000214471
0.00600003	-0.000227732
0.00500003	-0.000251288
0.00400003	-0.000302959
0.00300003	-0.000407593
0.00200003	-0.000573541
0.00100003	-0.000854062
0.000500016	-0.0014256
0.000250008	-0.00330945
0.000125004	-0.00558876
0	-0.009667
-4.83294e-17	-0.0128335
-9.66588e-17	-0.0117118
-1.93318e-16	-0.00739568
-3.86635e-16	-0.00501888
-3.84692e-16	-0.00415568
-3.82749e-16	-0.0040934
-3.80807e-16	-0.0040324
-3.78864e-16	-0.00396582
-3.76921e-16	-0.00390265
-3.74978e-16	-0.00384622
-3.73035e-16	-0.00379489
-3.71092e-16	-0.00374721
-3.69149e-16	-0.00370234
-3.67206e-16	-0.00365996
-3.65263e-16	-0.00361991
-3.6332e-16	-0.00358203
-3.61378e-16	-0.00354615
-3.59435e-16	-0.00351208
-3.57492e-16	-0.00347968
-3.55549e-16	-0.00344881
-3.53606e-16	-0.00341939
-3.51663e-16	-0.00339133
-3.4972e-16	-0.00336458
-3.47777e-16	-0.0033391
-3.45834e-16	-0.00331481
-3.43892e-16	-0.00329165
-3.41949e-16	-0.00326952
-3.40006e-16	-0.00324836
-3.38063e-16	-0.00322814
-3.3612e-16	-0.00320881
-3.34177e-16	-0.00319032
-3.32234e-16	-0.00317262
-3.30291e-16	-0.00315567
-3.28348e-16	-0.00313944
-3.26406e-16	-0.00312387
-3.24463e-16	-0.00310896
-3.2252e-16	-0.00309468
-3.20577e-16	-0.00308099
-3.18634e-16	-0.00306786
-3.16691e-16	-0.00305525
-3.14748e-16	-0.00304313
-3.12805e-16	-0.00303148
-3.10862e-16	-0.00302025
-3.0892e-16	-0.00300933
-3.06977e-16	-0.00299868
-3.05034e-16	-0.00298828
-3.03091e-16	-0.0029781
-3.01148e-16	-0.0029681
-2.99205e-16	-0.00295826
-2.97262e-16	-0.00294852
-2.95319e-16	-0.00293885
-2.93376e-16	-0.00292923
-2.91434e-16	-0.00291965
-2.89491e-16	-0.00291008
-2.87548e-16	-0.00290057
-2.85605e-16	-0.00289123
-2.83662e-16	-0.00288211
-2.81719e-16	-0.00287316
-2.79776e-16	-0.0028643
-2.77833e-16	-0.00285542
-2.7589e-16	-0.00284631
-2.73948e-16	-0.00283664
-2.72005e-16	-0.00282594
-2.70062e-16	-0.00281348
-2.68119e-16	-0.00279834
-2.66176e-16	-0.00277943
-2.64233e-16	-0.00275546
-2.6229e-16	-0.00272487
-2.60347e-16	-0.00269148
-2.58404e-16	-0.00265183
-2.56462e-16	-0.00260081
-2.54519e-16	-0.00254724
-2.52576e-16	-0.00249986
-2.50633e-16	-0.00246361
-2.4869e-16	-0.00244277
-2.46747e-16	-0.00244124
-2.44804e-16	-0.00245778
-2.42861e-16	-0.00247766
-2.40918e-16	-0.00246659
-2.38975e-16	-0.00239851
-2.37033e-16	-0.00229636
-2.3509e-16	-0.0022072
-2.33147e-16	-0.00216295
-2.31204e-16	-0.00218205
-2.29261e-16	-0.00225611
-2.27318e-16	-0.00234704
-2.25375e-16	-0.00241254
-2.23432e-16	-0.00242087
-2.21489e-16	-0.00237669
-2.19547e-16	-0.00231601
-2.17604e-16	-0.00226215
-2.15661e-16	-0.00222187
-2.13718e-16	-0.00219777
-2.11775e-16	-0.00218666
-2.09832e-16	-0.00218401
-2.07889e-16	-0.00218612
-2.05946e-16	-0.00218984
0.166	-0.000972488
0.167	-0.000973304
0.168	-0.000974104
0.169	-0.000974847
0.17	-0.000975508
0.171	-0.000976088
0.172	-0.000976621
0.173	-0.00097716
0.174	-0.000977754
0.175	-0.000978434
0.176	-0.000979207
0.177	-0.000980058
0.178	-0.000980962
0.179	-0.0009819
0.18	-0.00098286
0.181	-0.00098384
0.182	-0.000984839
0.183	-0.00098585
0.184	-0.000986864
0.185	-0.00098787
0.186	-0.000988855
0.187	-0.000989809
0.188	-0.000990725
0.189	-0.000991595
0.19	-0.000992414
0.191	-0.000993192
0.192	-0.000993985
0.193	-0.000994945
0.194	-0.000996437
0.195	-0.000999248
0.196	-0.00100556
0.197	-0.0010196
0.198	-0.00104408
0.199	-0.00109906
0.2	-0.000923448
0.2	-0.000577423
0.2	-0.000331888
0.2	-0.000162867
0.2	-9.1292e-05
0.2	-7.95069e-05
0.2	-0.000100885
0.2	-0.000117583
0.2	-0.000115436
0.2	-0.000108591
0.2	-0.000102464
0.2	-9.8249e-05
0.2	-9.64324e-05
0.2	-9.66103e-05
0.2	-9.81011e-05
0.2	-0.000100424
0.2	-0.000103138
0.2	-0.00010587
0.2	-0.000108355
0.2	-0.000110367
0.2	-0.000111711
0.2	-0.000111536
0.2	-0.000107621
0.2	-0.000101068
0.2	-9.442e-05
0.2	-8.76144e-05
0.2	-8.07238e-05
0.2	-7.38386e-05
0.2	-6.70638e-05
0.2	-6.05036e-05
0.2	-5.42571e-05
0.2	-4.84862e-05
0.2	-4.33295e-05
0.2	-3.88709e-05
0.2	-3.52182e-05
0.2	-3.23911e-05
0.2	-3.02289e-05
0.2	-2.85477e-05
0.2	-2.72754e-05
0.2	-2.64097e-05
0.2	-2.60159e-05
0.2	-2.62427e-05
0.2	-2.71811e-05
0.2	-2.88633e-05
0.2	-3.12711e-05
0.2	-3.42643e-05
0.2	-3.76941e-05
0.2	-4.14343e-05
0.2	-4.52865e-05
0.2	-4.92833e-05
0.2	-5.34856e-05
0.2	-5.77728e-05
0.2	-6.211e-05
0.2	-6.64739e-05
0.2	-7.08336e-05
0.2	-7.51576e-05
0.2	-7.94272e-05
0.2	-8.36297e-05
0.2	-8.77549e-05
0.2	-9.17983e-05
0.2	-9.5757e-05
0.2	-9.96328e-05
0.2	-0.000103432
0.2	-0.000107166
0.2	-0.000110846
0.2	-0.000114485
0.2	-0.000118119
0.2	-0.00012165
0.2	-0.00012509
0.2	-0.000128567
0.2	-0.000132072
0.2	-0.000135594
0.2	-0.000139126
0.2	-0.000142663
0.2	-0.000146205
0.2	-0.000149749
0.2	-0.000153287
0.2	-0.000156805
0.2	-0.000160284
0.2	-0.000163704
0.2	-0.000167034
0.2	-0.000170243
0.2	-0.000173306
0.2	-0.000176218
0.2	-0.000178986
0.2	-0.000181607
0.2	-0.000184088
0.2	-0.000186458
0.2	-0.000188748
0.2	-0.000190975
0.2	-0.000193123
0.2	-0.000195181
0.2	-0.00019715
0.2	-0.000199017
0.2	-0.000200788
0.2	-0.00020261
0.2	-0.000204609
0.2	-0.000205302
0.2	-0.000204449
0.2	-0.000203268
0.2	-0.000201842
0.2	-0.000200314
0.2	-0.000198749
0.2	-0.000197159
0.2	-0.000195491
0.2	-0.000193694
0.2	-0.000191748
0.2	-0.000189664
0.2	-0.000187467
0.2	-0.000185161
0.2	-0.000182741
0.2	-0.000180216
0.2	-0.00017759
0.2	-0.000174846
0.2	-0.000171966
0.2	-0.00016895
0.2	-0.000165813
0.2	-0.00016257
0.2	-0.000159238
0.2	-0.000155833
0.2	-0.000152366
0.2	-0.000148845
0.2	-0.000145277
0.2	-0.000141666
0.2	-0.000138019
0.2	-0.000134338
0.2	-0.000130623
0.2	-0.000126873
0.2	-0.000123078
0.2	-0.000119231
0.2	-0.000115322
0.2	-0.000111343
0.2	-0.000107289
0.2	-0.00010316
0.2	-9.88705e-05
0.2	-9.44193e-05
0.2	-8.98782e-05
0.2	-8.52349e-05
0.2	-8.05027e-05
0.2	-7.57024e-05
0.2	-7.08604e-05
0.2	-6.60083e-05
0.2	-6.11863e-05
0.2	-5.64358e-05
0.2	-5.17953e-05
0.2	-4.73081e-05
0.2	-4.30054e-05
0.2	-3.88979e-05
0.2	-3.50375e-05
0.2	-3.16823e-05
0.2	-2.91586e-05
0.2	-2.76339e-05
0.2	-2.70971e-05
0.2	-2.73064e-05
0.2	-2.79471e-05
0.2	-2.87302e-05
0.2	-2.94079e-05
0.2	-2.99776e-05
0.2	-3.05905e-05
0.2	-3.1468e-05
0.2	-3.29359e-05
0.2	-3.52573e-05
0.2	-3.85648e-05
0.2	-4.28507e-05
0.2	-4.79898e-05
0.2	-5.38315e-05
0.2	-6.02535e-05
0.2	-6.71124e-05
0.2	-7.42305e-05
0.2	-8.143e-05
0.2	-8.85234e-05
0.2	-9.53644e-05
0.2	-0.000101804
0.2	-0.000107669
0.2	-0.000112782
0.2	-0.000117174
0.2	-0.000119985
0.2	-0.000119951
0.2	-0.000117995
0.2	-0.000115392
0.2	-0.00011221
0.2	-0.000108547
0.2	-0.000104522
0.2	-0.000100312
0.2	-9.62353e-05
0.2	-9.25602e-05
0.2	-8.985e-05
0.2	-8.84136e-05
0.2	-8.85936e-05
0.2	-9.11916e-05
0.2	-9.64902e-05
0.2	-0.000103741
0.2	-0.000111623
0.2	-0.000114529
0.2	-9.85208e-05
0.2	-7.78584e-05
0.2	-8.89809e-05
0.2	-0.000156348
0.2	-0.000314918
0.2	-0.000543095
0.2	-0.000872
0.199	-0.00104404
0.198	-0.000992065
0.197	-0.000966128
0.196	-0.000950076
0.195	-0.000941911
0.194	-0.000937346
0.193	-0.000934279
0.192	-0.000931942
0.191	-0.000929943
0.19	-0.000928071
0.189	-0.000926196
0.188	-0.000924239
0.187	-0.000922155
0.186	-0.000919924
0.185	-0.000917553
0.184	-0.000915063
0.183	-0.000912486
0.182	-0.000909868
0.181	-0.000907263
0.18	-0.000904734
0.179	-0.000902348
0.178	-0.000900165
0.177	-0.000898231
0.176	-0.000896571
0.175	-0.000895178
0.174	-0.000894013
0.173	-0.000893012
0.172	-0.000892099
0.171	-0.000891204
0.17	-0.000890278
0.169	-0.000889292
0.168	-0.00088824
0.167	-0.000887121
0.166	-0.000885946
0.165	-0.000884723
0.164	-0.000883466
0.163	-0.000882189
0.162	-0.000880911
0.161	-0.000879664
0.16	-0.000878493
0.159	-0.00087746
0.158	-0.000876633
0.157	-0.000876077
0.156	-0.000875838
0.155	-0.000875932
0.154	-0.000876332
0.153	-0.000876968
0.152	-0.000877734
0.151	-0.000878504
0.15	-0.000879149
0.149	-0.000879551
0.148	-0.000879616
0.147	-0.000879275
0.146	-0.000878484
0.145	-0.000877231
0.144	-0.000875544
0.143	-0.000873498
0.142	-0.000871206
0.141	-0.000868811
0.14	-0.000866463
0.139	-0.000864306
0.138	-0.000862469
0.137	-0.000861044
0.136	-0.000860023
0.135	-0.000859111
0.134	-0.000860143
0.133	-0.00085988
0.132	-0.000857312
0.131	-0.000855347
0.13	-0.00085293
0.129	-0.000850274
0.128	-0.000847288
0.127	-0.000844099
0.126	-0.000840866
0.125	-0.000837756
0.124	-0.000834877
0.123	-0.000832236
0.122	-0.000829734
0.121	-0.000827198
0.12	-0.000824442
0.119	-0.000821315
0.118	-0.000817735
0.117	-0.000813687
0.116	-0.000809211
)
