"((xy/key/label ""x0.01"")"	Column1	"((xy/key/label ""x0.02"")"	Column1	"((xy/key/label ""x0.03"")"	Column1	"((xy/key/label ""x0.04"")"	Column1	"((xy/key/label ""x0.05"")"	Column1	"((xy/key/label ""x0.06"")"	Column1	"((xy/key/label ""x0.07"")"	Column1	"((xy/key/label ""x0.08"")"	Column1	"((xy/key/label ""x0.09"")"	Column1	"((xy/key/label ""x0.1"")"	Column1
300	0.1	300	0.1	300	0.1	300	0.1	300	0.1	300	0.1	300	0.1	300	0.1	300	0.1	300	0.1
336.989	0.100225	327.725	0.100225	326.812	0.100225	350.245	0.100225	378.47	0.100225	399.002	0.100225	412.927	0.100222	425.669	0.100224	434.99	0.100225	440.298	0.100225
346.557	0.100453	354.411	0.100453	353.727	0.100453	390.948	0.100453	428.028	0.100453	452.359	0.100453	468.503	0.100446	482.084	0.10045	491.739	0.100452	497.477	0.100453
332.552	0.100685	374.905	0.100684	378.72	0.100684	417.335	0.100684	452.616	0.100684	475.026	0.100683	490.049	0.100673	502.169	0.100679	510.689	0.100682	515.988	0.100683
311.7	0.100919	382.133	0.100919	398.341	0.100918	432.485	0.100917	465.147	0.100917	486.512	0.100917	501.1	0.100902	512.614	0.100911	520.475	0.100915	525.398	0.100916
296.158	0.101157	373.305	0.101156	408.584	0.101155	438.532	0.101154	469.637	0.101153	491.306	0.101153	506.343	0.101135	517.834	0.101145	525.452	0.10115	530.276	0.101151
293.06	0.101247	353.834	0.101396	406.592	0.101395	435.142	0.101393	465.514	0.101392	489.139	0.101391	506.13	0.10137	518.498	0.101382	526.526	0.101388	531.729	0.101389
287.719	0.101398	342.565	0.101532	392.975	0.101637	423.04	0.101636	453.408	0.101634	479.893	0.101633	500.119	0.101607	514.278	0.101621	523.457	0.101628	529.674	0.10163
283.939	0.101643	333.464	0.10164	372.868	0.101883	404.242	0.101881	436.111	0.101879	465.242	0.101877	488.873	0.101848	505.266	0.101863	516.105	0.101871	523.878	0.101873
282.775	0.10189	318.938	0.101887	371.735	0.101898	383.377	0.102129	416.668	0.102127	447.958	0.102125	474.061	0.102091	492.391	0.102109	504.924	0.102117	514.493	0.102119
283.264	0.102142	310.787	0.102137	353.718	0.102133	366.675	0.102381	398.251	0.102378	430.245	0.102375	457.802	0.102337	477.224	0.102357	491.011	0.102366	502.168	0.102368
284.914	0.102397	306.458	0.10239	340.309	0.102385	366.349	0.102389	384.536	0.102632	413.958	0.102628	441.387	0.102586	461.29	0.102607	475.843	0.102618	488.032	0.10262
286.511	0.102545	303.538	0.102647	332.664	0.102641	356.44	0.102636	375.908	0.102889	401.422	0.102885	425.844	0.102838	445.33	0.102861	460.366	0.102872	473.295	0.102874
287.742	0.102655	300.734	0.102907	328.429	0.1029	350.386	0.102894	371.22	0.10308	392.678	0.103144	413.286	0.103093	430.506	0.103118	444.931	0.10313	458.366	0.103132
291.611	0.102917	298.198	0.103128	325.558	0.103162	345.938	0.103155	369.534	0.103149	385.635	0.103407	404.21	0.103351	418.859	0.103377	431.119	0.10339	443.613	0.103392
295.813	0.103182	297.687	0.103171	323.046	0.103428	341.862	0.103419	363.645	0.103412	379.181	0.103672	396.933	0.103612	410.385	0.10364	420.753	0.103653	431.127	0.103655
300.13	0.103452	294.48	0.103438	320.659	0.103697	337.791	0.103687	357.916	0.103679	373.111	0.103941	390.399	0.103876	403.447	0.103906	413.163	0.10392	422.209	0.103922
304.417	0.103725	291.129	0.103709	319.122	0.103881	333.709	0.103958	352.424	0.103949	369.249	0.104125	384.357	0.104143	397.251	0.104174	406.829	0.104189	415.599	0.104191
307.015	0.103897	287.729	0.103984	318.387	0.103969	329.721	0.104232	347.222	0.104222	367.392	0.104213	378.736	0.104415	391.6	0.104446	401.226	0.104461	410.046	0.104463
308.72	0.104002	284.445	0.104262	316.271	0.104245	325.962	0.10451	342.261	0.104498	362.008	0.104488	373.531	0.10469	386.468	0.104721	396.309	0.104737	405.213	0.104739
313.03	0.104283	281.491	0.104544	314.047	0.104525	322.477	0.104792	337.53	0.104778	356.973	0.104767	368.881	0.104966	382.146	0.105	392.287	0.105016	401.193	0.105017
317.16	0.104568	279.479	0.104791	311.609	0.104809	321.334	0.104894	333.277	0.105062	352.441	0.105049	365.689	0.105198	367.504	0.106225	384.956	0.105656	389.22	0.1061
321.353	0.104857	279.156	0.10483	309.017	0.105096	319.249	0.105077	327.478	0.10552	349.995	0.105223	357.511	0.105797	367.243	0.106246	381.219	0.105986	388.962	0.106124
326.271	0.10515	277.752	0.10512	299.859	0.105865	318.585	0.10515	320.112	0.106147	337.496	0.106112	348.981	0.106541	367.122	0.106258	370.949	0.107083	388.633	0.106164
336.71	0.105756	279.187	0.105874	298.189	0.106014	308.374	0.106323	311.048	0.107083	329.3	0.106747	347.062	0.106714	353.21	0.107658	369.302	0.107258	375.627	0.107761
338.497	0.105861	279.119	0.10604	289.973	0.106616	302.34	0.107112	307.143	0.107591	319.134	0.107651	345.243	0.106893	348.393	0.108233	369.055	0.107287	368.153	0.109237
356.006	0.107054	280.912	0.106353	282.607	0.107152	296.736	0.107811	301.136	0.108512	311.036	0.108461	336.238	0.107757	340.458	0.109185	366.452	0.107684	367.463	0.109375
356.116	0.107061	287.264	0.107254	281.925	0.107212	288.426	0.108881	297.321	0.109131	303.996	0.109456	328.184	0.108563	334.385	0.109974	355.767	0.109294	366.955	0.109521
356.534	0.107092	290.934	0.107621	281.807	0.107291	284.625	0.109375	292.071	0.109969	298.856	0.11023	321.694	0.109219	330.94	0.110388	355.113	0.109397	361.85	0.110938
376.646	0.108538	296.468	0.108187	276.367	0.10839	283.599	0.109688	284.838	0.111647	294.401	0.11111	308.807	0.110694	324.971	0.1111	354.148	0.109574	356.589	0.112311
382.103	0.108973	308.95	0.10934	278.841	0.10902	280.653	0.110937	284.235	0.111824	293.724	0.111259	308.478	0.11073	313.945	0.11237	346.908	0.110937	355.87	0.1125
396.683	0.110086	310.905	0.109518	280.692	0.109375	287.04	0.112456	284.526	0.112021	289.932	0.112332	307.929	0.11081	309.827	0.112865	343.379	0.111474	354.48	0.112693
399.693	0.1103	312.703	0.109674	284.951	0.109931	287.262	0.1125	285.673	0.113346	289.324	0.113632	300.414	0.111973	302.813	0.114037	335.83	0.1125	344.947	0.114008
406.8	0.110791	328.189	0.111027	292.328	0.110938	287.895	0.112583	288.577	0.114013	289.979	0.114675	297.039	0.112844	299.334	0.114584	326.4	0.113446	337.668	0.114773
421.631	0.111791	338.196	0.111882	304.753	0.112435	305.504	0.114931	295.171	0.115194	297.342	0.116507	293.086	0.113779	298.364	0.114935	320.294	0.114062	323.741	0.11606
429.04	0.112305	353.026	0.113239	305.315	0.1125	321.413	0.116948	305.412	0.116741	299.62	0.11704	291.879	0.11461	296.482	0.116637	308.173	0.115369	317.222	0.116667
449.697	0.113898	362.609	0.114113	306.226	0.112598	323.857	0.117252	310.022	0.11742	310.075	0.11889	291.609	0.114863	299.3	0.118013	305.635	0.115625	311.462	0.117459
458.045	0.114518	367.879	0.114587	327.474	0.114884	326.27	0.117544	312.506	0.117765	313.036	0.119413	292.679	0.115495	301.66	0.118878	304.49	0.115851	303.307	0.11875
460.559	0.114725	387.1	0.116281	336.705	0.115829	338.906	0.11912	324.397	0.119495	314.387	0.119643	294.973	0.116758	307.716	0.120442	299.493	0.117188	303.254	0.119721
476.216	0.116057	392.291	0.116734	341.233	0.116281	351.089	0.120663	330.023	0.120314	327.914	0.121979	298.73	0.11767	309.799	0.120995	299.773	0.117953	303.164	0.120411
484.393	0.116852	393.202	0.116811	346.143	0.116806	354.371	0.121092	331.561	0.120553	338.281	0.1238	302.262	0.118544	311.4	0.121377	300.407	0.11875	310.928	0.123005
499.489	0.118331	394.201	0.116899	359.102	0.118161	360.983	0.12199	347.981	0.12299	342.592	0.12454	304.714	0.119019	318.766	0.123047	303.642	0.120055	311.133	0.123074
508.878	0.119435	410.844	0.118327	370.488	0.119418	371.897	0.123444	353.412	0.123863	345.452	0.125036	313.017	0.120631	326.911	0.124917	304.866	0.120465	316.43	0.12465
524.373	0.121371	430.973	0.120269	374.307	0.119823	380.159	0.124572	358.711	0.124699	360.969	0.127889	319.318	0.121875	327.269	0.125	310.696	0.122129	321.95	0.126339
531.357	0.122341	433.421	0.120507	381.811	0.120663	390.798	0.126086	371.283	0.126786	364.169	0.12851	322.896	0.122589	327.83	0.125139	312.708	0.122638	328.144	0.12818
548.67	0.125202	438.623	0.121079	393.122	0.121921	397.957	0.127127	373.162	0.127097	380.485	0.131903	329.179	0.123832	338.808	0.127801	320.132	0.124576	334.035	0.13005
549.967	0.125478	457.627	0.123122	404.378	0.123285	410.495	0.12915	391.752	0.130429	383.002	0.132445	334.755	0.125	342.832	0.128778	322.534	0.125205	337.76	0.131216
565.124	0.128406	465.104	0.124088	417.178	0.12479	410.578	0.129163	394.055	0.130837	394.593	0.135077	346.172	0.127401	354.81	0.131863	325.499	0.126011	342.155	0.132642
565.976	0.128625	475.216	0.125366	426.161	0.12601	410.657	0.129177	397.243	0.131459	400.527	0.136396	348.047	0.127804	355.954	0.132149	333.569	0.128196	348.001	0.134498
575.515	0.130874	491.871	0.127998	441.496	0.128137	410.862	0.129213	407.318	0.133437	407.544	0.138	349.846	0.128214	358.263	0.132743	335.428	0.128703	354.837	0.136737
575.845	0.130977	493.998	0.128322	453.472	0.130032	436.894	0.133781	412.406	0.134493			358.784	0.130208	368.331	0.135361	343.789	0.13104	357.979	0.137732
584.519	0.133261	499.181	0.129227	462.569	0.131632	446.213	0.135526	424.19	0.136843			364.226	0.131478	372.237	0.13643	348.76	0.132457	358.816	0.138
584.66	0.133328	505.93	0.130375	465.167	0.132096	450.597	0.136333	429.694	0.138			368.636	0.132523	378.086	0.138	353.67	0.133907		
586.5	0.133982	514.134	0.131741	477.542	0.134294	458.986	0.138					376.568	0.134419			359.208	0.135589		
596.859	0.137585	518.387	0.132447	491.923	0.137111							377.163	0.134559			366.579	0.13772		
598.002	0.138	526.963	0.13416	496.521	0.138							385.22	0.136546			367.518	0.138		
		537.223	0.136153									388.668	0.137384						
		543.656	0.137809									391.122	0.138						
		544.338	0.138																
