"((xy/key/label ""x0.01"")"	Column1	"((xy/key/label ""x0.02"")"	Column1	"((xy/key/label ""x0.03"")"	Column1	"((xy/key/label ""x0.04"")"	Column1	"((xy/key/label ""x0.05"")"	Column1	"((xy/key/label ""x0.06"")"	Column1	"((xy/key/label ""x0.07"")"	Column1	"((xy/key/label ""x0.08"")"	Column1	"((xy/key/label ""x0.09"")"	Column1	"((xy/key/label ""x0.1"")"	Column1		"((xy/key/label ""x0.01"")"	Column1	"((xy/key/label ""x0.02"")"	Column1	"((xy/key/label ""x0.03"")"	Column1	"((xy/key/label ""x0.04"")"	Column1	"((xy/key/label ""x0.05"")"	Column1	"((xy/key/label ""x0.06"")"	Column1	"((xy/key/label ""x0.07"")"	Column1	"((xy/key/label ""x0.08"")"	Column1	"((xy/key/label ""x0.09"")"	Column1	"((xy/key/label ""x0.1"")"	Column1
578.01	0.1	441.88	0.1	472.78	0.1	484.63	0.1	487.2	0.1	488.1	0.1	491.16	0.1	494.38	0.1	499.02	0.1	502.52	0.1		1421.99	0.1	1558.12	0.1	1527.22	0.1	1515.37	0.1	1512.8	0.1	1511.9	0.1	1508.84	0.1	1505.62	0.1	1500.98	0.1	1497.48	0.1
722.26	0.100225	447.7	0.100225	483.03	0.100225	495.63	0.100225	493.76	0.100225	489.28	0.100225	489.26	0.100222	493.4	0.100224	502.76	0.100225	516.06	0.100225		1277.74	0.100225	1552.3	0.100225	1516.97	0.100225	1504.37	0.100225	1506.24	0.100225	1510.72	0.100225	1510.74	0.100222	1506.6	0.100224	1497.24	0.100225	1483.94	0.100225
859.98	0.100453	447.92	0.100453	482.41	0.100453	493.89	0.100453	490.91	0.100453	487.11	0.100453	489.45	0.100446	497.53	0.10045	511.41	0.100452	530.21	0.100453		1140.02	0.100453	1552.08	0.100453	1517.59	0.100453	1506.11	0.100453	1509.09	0.100453	1512.89	0.100453	1510.55	0.100446	1502.47	0.10045	1488.59	0.100452	1469.79	0.100453
987.33	0.100685	445.9	0.100684	480.04	0.100684	491.92	0.100684	489.54	0.100684	486.75	0.100683	490.56	0.100673	500.4	0.100679	516.33	0.100682	537.27	0.100683		1012.67	0.100685	1554.1	0.100684	1519.96	0.100684	1508.08	0.100684	1510.46	0.100684	1513.25	0.100683	1509.44	0.100673	1499.6	0.100679	1483.67	0.100682	1462.73	0.100683
1091.119	0.100919	443.66	0.100919	477.63	0.100918	489.93	0.100917	488.31	0.100917	486.81	0.100917	492.42	0.100902	504.35	0.100911	522.61	0.100915	545.73	0.100916		908.881	0.100919	1556.34	0.100919	1522.37	0.100918	1510.07	0.100917	1511.69	0.100917	1513.19	0.100917	1507.58	0.100902	1495.65	0.100911	1477.39	0.100915	1454.27	0.100916
1173.042	0.101157	441.79	0.101156	475.39	0.101155	488.14	0.101154	487.51	0.101153	487.78	0.101153	495.29	0.101135	509.69	0.101145	530.63	0.10115	556.13	0.101151		826.958	0.101157	1558.21	0.101156	1524.61	0.101155	1511.86	0.101154	1512.49	0.101153	1512.22	0.101153	1504.71	0.101135	1490.31	0.101145	1469.37	0.10115	1443.87	0.101151
1195.161	0.101247	442.09	0.101396	473.48	0.101395	486.78	0.101393	487.42	0.101392	489.97	0.101391	499.52	0.10137	516.85	0.101382	540.86	0.101388	568.95	0.101389		804.839	0.101247	1557.91	0.101396	1526.52	0.101395	1513.22	0.101393	1512.58	0.101392	1510.03	0.101391	1500.48	0.10137	1483.15	0.101382	1459.14	0.101388	1431.05	0.101389
1229.802	0.101398	446.12	0.101532	472.14	0.101637	486.1	0.101636	488.41	0.101634	493.57	0.101633	505.59	0.101607	526.41	0.101621	554.02	0.101628	584.92	0.10163		770.198	0.101398	1553.88	0.101532	1527.86	0.101637	1513.9	0.101636	1511.59	0.101634	1506.43	0.101633	1494.41	0.101607	1473.59	0.101621	1445.98	0.101628	1415.08	0.10163
1269.563	0.101643	449.22	0.10164	471.81	0.101883	486.53	0.101881	490.96	0.101879	499.23	0.101877	514.24	0.101848	539.41	0.101863	571.33	0.101871	605.33	0.101873		730.437	0.101643	1550.78	0.10164	1528.19	0.101883	1513.47	0.101881	1509.04	0.101879	1500.77	0.101877	1485.76	0.101848	1460.59	0.101863	1428.67	0.101871	1394.67	0.101873
1297.773	0.10189	470.61	0.101887	471.93	0.101898	488.69	0.102129	495.79	0.102127	508	0.102125	526.71	0.102091	557.25	0.102109	594.13	0.102117	631.37	0.102119		702.227	0.10189	1529.39	0.101887	1528.07	0.101898	1511.31	0.102129	1504.21	0.102127	1492	0.102125	1473.29	0.102091	1442.75	0.102109	1405.87	0.102117	1368.63	0.102119
1316.865	0.102142	510.05	0.102137	473.74	0.102133	493.72	0.102381	504.21	0.102378	521.24	0.102375	544.25	0.102337	580.92	0.102357	622.93	0.102366	663.27	0.102368		683.135	0.102142	1489.95	0.102137	1526.26	0.102133	1506.28	0.102381	1495.79	0.102378	1478.76	0.102375	1455.75	0.102337	1419.08	0.102357	1377.07	0.102366	1336.73	0.102368
1330.206	0.102397	568.79	0.10239	479.62	0.102385	494.03	0.102389	517.71	0.102632	540.01	0.102628	567.53	0.102586	610.62	0.102607	657.53	0.102618	700.63	0.10262		669.794	0.102397	1431.21	0.10239	1520.38	0.102385	1505.97	0.102389	1482.29	0.102632	1459.99	0.102628	1432.47	0.102586	1389.38	0.102607	1342.47	0.102618	1299.37	0.10262
1334.927	0.102545	644.55	0.102647	492.05	0.102641	503.39	0.102636	537.45	0.102889	564.89	0.102885	596.84	0.102838	646.34	0.102861	697.74	0.102872	743.11	0.102874		665.073	0.102545	1355.45	0.102647	1507.95	0.102641	1496.61	0.102636	1462.55	0.102889	1435.11	0.102885	1403.16	0.102838	1353.66	0.102861	1302.26	0.102872	1256.89	0.102874
1337.615	0.102655	732.37	0.102907	514.67	0.1029	519.76	0.102894	557.03	0.10308	596.11	0.103144	632.4	0.103093	687.95	0.103118	743.37	0.10313	790.4	0.103132		662.385	0.102655	1267.63	0.102907	1485.33	0.1029	1480.24	0.102894	1442.97	0.10308	1403.89	0.103144	1367.6	0.103093	1312.05	0.103118	1256.63	0.10313	1209.6	0.103132
1340.69	0.102917	809.58	0.103128	549.5	0.103162	544.42	0.103155	564.07	0.103149	633.66	0.103407	674.29	0.103351	735.02	0.103377	794.04	0.10339	841.7	0.103392		659.31	0.102917	1190.42	0.103128	1450.5	0.103162	1455.58	0.103155	1435.93	0.103149	1366.34	0.103407	1325.71	0.103351	1264.98	0.103377	1205.96	0.10339	1158.3	0.103392
1342.23	0.103182	825.06	0.103171	595.92	0.103428	577.84	0.103419	597.66	0.103412	677.23	0.103672	722.23	0.103612	786.74	0.10364	848.91	0.103653	895.42	0.103655		657.77	0.103182	1174.94	0.103171	1404.08	0.103428	1422.16	0.103419	1402.34	0.103412	1322.77	0.103672	1277.77	0.103612	1213.26	0.10364	1151.09	0.103653	1104.58	0.103655
1342.663	0.103452	913.73	0.103438	652.22	0.103697	618.96	0.103687	597.66	0.103412	726.46	0.103941	775.37	0.103876	842.27	0.103906	906.52	0.10392	949.37	0.103922		657.337	0.103452	1086.27	0.103438	1347.78	0.103697	1381.04	0.103687	1402.34	0.103412	1273.54	0.103941	1224.63	0.103876	1157.73	0.103906	1093.48	0.10392	1050.63	0.103922
1341.865	0.103725	989.7	0.103709	697.01	0.103881	665.51	0.103958	637.57	0.103679	763.49	0.104125	832.41	0.104143	901.04	0.104174	964.88	0.104189	1001.612	0.104191		658.135	0.103725	1010.3	0.103709	1302.99	0.103881	1334.49	0.103958	1362.43	0.103679	1236.51	0.104125	1167.59	0.104143	1098.96	0.104174	1035.12	0.104189	998.388	0.104191
1341.061	0.103897	1050.571	0.103984	718.41	0.103969	715.9	0.104232	682.53	0.103949	781.32	0.104213	892.65	0.104415	962.82	0.104446	1022.047	0.104461	1051.68	0.104463		658.939	0.103897	949.429	0.103984	1281.59	0.103969	1284.1	0.104232	1317.47	0.103949	1218.68	0.104213	1107.35	0.104415	1037.18	0.104446	977.953	0.104461	948.32	0.104463
1340.353	0.104002	1097.841	0.104262	795.2	0.104245	770.13	0.10451	731.32	0.104222	842.42	0.104488	955.92	0.10469	1026.423	0.104721	1076.543	0.104737	1100.078	0.104739		659.647	0.104002	902.159	0.104262	1204.8	0.104245	1229.87	0.10451	1268.68	0.104222	1157.58	0.104488	1044.08	0.10469	973.577	0.104721	923.457	0.104737	899.922	0.104739
1338.743	0.104283	1134.849	0.104544	879.25	0.104525	828.02	0.104792	784.89	0.104498	910.73	0.104767	1018.962	0.104966	1082.309	0.105	1122.936	0.105016	1142.15	0.105017		661.257	0.104283	865.151	0.104544	1120.75	0.104525	1171.98	0.104792	1215.11	0.104498	1089.27	0.104767	981.038	0.104966	917.691	0.105	877.064	0.105016	857.85	0.105017
1337.229	0.104568	1161.973	0.104791	961.74	0.104809	855.37	0.104894	848.24	0.104778	980.31	0.105049	1059.567	0.105198	1227.523	0.106225	1192.185	0.105656	1239.5	0.1061		662.771	0.104568	838.027	0.104791	1038.26	0.104809	1144.63	0.104894	1151.76	0.104778	1019.69	0.105049	940.433	0.105198	772.477	0.106225	807.815	0.105656	760.5	0.1061
1335.431	0.104857	1166.43	0.10483	1034.809	0.105096	904.89	0.105077	922.87	0.105062	1012.616	0.105223	1160.812	0.105797	1230.162	0.106246	1227.079	0.105986	1241.582	0.106124		664.569	0.104857	833.57	0.10483	965.191	0.105096	1095.11	0.105077	1077.13	0.105062	987.384	0.105223	839.188	0.105797	769.838	0.106246	772.921	0.105986	758.418	0.106124
1332.208	0.10515	1194.873	0.10512	1158.074	0.105865	920.5	0.10515	1017.803	0.10552	1162.546	0.106112	1238.635	0.106541	1230.966	0.106258	1290.26	0.107083	1243.407	0.106164		667.792	0.10515	805.127	0.10512	841.926	0.105865	1079.5	0.10515	982.197	0.10552	837.454	0.106112	761.365	0.106541	769.034	0.106258	709.74	0.107083	756.593	0.106164
1326.817	0.105756	1271.444	0.105874	1182.122	0.106014	1168.24	0.106323	1017.803	0.10552	1231.235	0.106747	1254.925	0.106714	1315.995	0.107658	1300.415	0.107258	1316.085	0.107761		673.183	0.105756	728.556	0.105874	817.878	0.106014	831.76	0.106323	982.197	0.10552	768.765	0.106747	745.075	0.106714	684.005	0.107658	699.585	0.107258	683.915	0.107761
1326.121	0.105861	1285.776	0.10604	1228.686	0.106616	1239.45	0.107112	1140.291	0.106147	1299.9	0.107651	1264.907	0.106893	1335.963	0.108233	1301.775	0.107287	1347.361	0.109237		673.879	0.105861	714.224	0.10604	771.314	0.106616	760.55	0.107112	859.709	0.106147	700.1	0.107651	735.093	0.106893	664.037	0.108233	698.225	0.107287	652.639	0.109237
1319.147	0.107054	1313.345	0.106353	1270.531	0.107152	1299.188	0.107811	1246.711	0.107083	1340.281	0.108461	1317.897	0.107757	1364.335	0.109185	1312.754	0.107684	1350.237	0.109375		680.853	0.107054	686.655	0.106353	729.469	0.107152	700.812	0.107811	753.289	0.107083	659.719	0.108461	682.103	0.107757	635.665	0.109185	687.246	0.107684	649.763	0.109375
1319.091	0.107061	1388.624	0.107254	1274.346	0.107212	1337.025	0.108881	1289.822	0.107591	1370.306	0.109456	1345.459	0.108563	1379.2	0.109974	1358.203	0.109294	1351.966	0.109521		680.909	0.107061	611.376	0.107254	725.654	0.107212	662.975	0.108881	710.178	0.107591	629.694	0.109456	654.541	0.108563	620.8	0.109974	641.797	0.109294	648.034	0.109521
1318.752	0.107092	1400.786	0.107621	1277.405	0.107291	1354.595	0.109375	1289.822	0.107591	1388.771	0.11023	1367	0.109219	1386.121	0.110388	1360.662	0.109397	1368.864	0.110938		681.248	0.107092	599.214	0.107621	722.595	0.107291	645.405	0.109375	710.178	0.107591	611.229	0.11023	633	0.109219	613.879	0.110388	639.338	0.109397	631.136	0.110938
1302.565	0.108538	1425.466	0.108187	1323.134	0.10839	1359.914	0.109688	1335.761	0.108512	1403.328	0.11111	1395.937	0.110694	1395.601	0.1111	1363.141	0.109574	1380.912	0.112311		697.435	0.108538	574.534	0.108187	676.866	0.10839	640.086	0.109688	664.239	0.108512	596.672	0.11111	604.063	0.110694	604.399	0.1111	636.859	0.109574	619.088	0.112311
1297.416	0.108973	1423.169	0.10934	1340.017	0.10902	1381.022	0.110938	1356.245	0.109131	1405.452	0.111259	1396.694	0.11073	1407.901	0.11237	1382.521	0.110937	1382.548	0.1125		702.584	0.108973	576.831	0.10934	659.983	0.10902	618.978	0.110938	643.755	0.109131	594.548	0.111259	603.306	0.11073	592.099	0.11237	617.479	0.110937	617.452	0.1125
1281.9	0.110086	1422.302	0.109518	1351.688	0.109375	1395.928	0.112456	1378.014	0.109969	1415.222	0.112332	1397.703	0.11081	1412.741	0.112865	1387.593	0.111474	1383.844	0.112693		718.1	0.110086	577.698	0.109518	648.312	0.109375	604.072	0.112456	621.986	0.109969	584.778	0.112332	602.297	0.11081	587.259	0.112865	612.407	0.111474	616.156	0.112693
1278.206	0.1103	1419.99	0.109674	1369.493	0.109931	1396.433	0.1125	1401.469	0.111647	1419.405	0.113632	1411.771	0.111973	1419.037	0.114037	1397.453	0.1125	1392.807	0.114008		721.794	0.1103	580.01	0.109674	630.507	0.109931	603.567	0.1125	598.531	0.111647	580.595	0.113632	588.229	0.111973	580.963	0.114037	602.547	0.1125	607.193	0.114008
1268.365	0.110791	1398.443	0.111027	1400.899	0.110938	1397.284	0.112583	1403.727	0.111824	1420.425	0.114675	1417.859	0.112844	1422.113	0.114584	1404.384	0.113446	1397.801	0.114773		731.635	0.110791	601.557	0.111027	599.101	0.110938	602.716	0.112583	596.273	0.111824	579.575	0.114675	582.141	0.112844	577.887	0.114584	595.616	0.113446	602.199	0.114773
1248.176	0.111791	1385.178	0.111882	1426.8	0.112435	1420.083	0.114931	1404.455	0.112021	1415.851	0.116507	1424.319	0.113779	1422.967	0.114935	1408.896	0.114062	1404.798	0.11606		751.824	0.111791	614.822	0.111882	573.2	0.112435	579.917	0.114931	595.545	0.112021	584.149	0.116507	575.681	0.113779	577.033	0.114935	591.104	0.114062	595.202	0.11606
1236.887	0.112305	1364.976	0.113239	1427.759	0.1125	1421.771	0.116948	1410.201	0.113346	1414.226	0.11704	1426.401	0.11461	1424.921	0.116637	1415.756	0.115369	1408.172	0.116667		763.113	0.112305	635.024	0.113239	572.241	0.1125	578.229	0.116948	589.799	0.113346	585.774	0.11704	573.599	0.11461	575.079	0.116637	584.244	0.115369	591.828	0.116667
1202.635	0.113898	1351.698	0.114113	1427.085	0.112598	1422.179	0.117252	1410.21	0.114013	1410.421	0.11889	1426.927	0.114863	1421.85	0.118013	1417.141	0.115625	1411.293	0.117459		797.365	0.113898	648.302	0.114113	572.915	0.112598	577.821	0.117252	589.79	0.114013	589.579	0.11889	573.073	0.114863	578.15	0.118013	582.859	0.115625	588.707	0.117459
1188.926	0.114518	1343.901	0.114587	1415.77	0.114884	1419.363	0.117544	1411.009	0.115194	1409.379	0.119413	1425.992	0.115495	1419.157	0.118878	1417.889	0.115851	1415.946	0.11875		811.074	0.114518	656.099	0.114587	584.23	0.114884	580.637	0.117544	588.991	0.115194	590.621	0.119413	574.008	0.115495	580.843	0.118878	582.111	0.115851	584.054	0.11875
1184.493	0.114725	1313.278	0.116281	1402.814	0.115829	1402.777	0.11912	1413.386	0.116741	1408.996	0.119643	1423.761	0.116758	1411.994	0.120442	1421.509	0.117188	1416.709	0.119721		815.507	0.114725	686.722	0.116281	597.186	0.115829	597.223	0.11912	586.614	0.116741	591.004	0.119643	576.239	0.116758	588.006	0.120442	578.491	0.117188	583.291	0.119721
1155.067	0.116057	1305.085	0.116734	1395.771	0.116281	1380.331	0.120663	1415.212	0.11742	1404.62	0.121979	1419.599	0.11767	1409.515	0.120995	1421.619	0.117953	1417.204	0.120411		844.933	0.116057	694.915	0.116734	604.229	0.116281	619.669	0.120663	584.788	0.11742	595.38	0.121979	580.401	0.11767	590.485	0.120995	578.381	0.117953	582.796	0.120411
1138.535	0.116852	1303.59	0.116811	1387.228	0.116806	1374.16	0.121092	1415.549	0.117765	1394.267	0.1238	1415.566	0.118544	1407.854	0.121377	1421.188	0.11875	1410.684	0.123005		861.465	0.116852	696.41	0.116811	612.772	0.116806	625.84	0.121092	584.451	0.117765	605.733	0.1238	584.434	0.118544	592.146	0.121377	578.812	0.11875	589.316	0.123005
1109.063	0.118331	1301.804	0.116899	1364.831	0.118161	1361.119	0.12199	1410.948	0.119495	1389.91	0.12454	1413.386	0.119019	1400.904	0.123047	1418.043	0.120055	1410.49	0.123074		890.937	0.118331	698.196	0.116899	635.169	0.118161	638.881	0.12199	589.052	0.119495	610.09	0.12454	586.614	0.119019	599.096	0.123047	581.957	0.120055	589.51	0.123074
1089.923	0.119435	1272.206	0.118327	1344.111	0.119418	1339.725	0.123444	1409.328	0.120314	1384.964	0.125036	1407.461	0.120631	1395.143	0.124917	1416.721	0.120465	1404.042	0.12465		910.077	0.119435	727.794	0.118327	655.889	0.119418	660.275	0.123444	590.672	0.120314	615.036	0.125036	592.539	0.120631	604.857	0.124917	583.279	0.120465	595.958	0.12465
1058.577	0.121371	1234.291	0.120269	1337.156	0.119823	1323.496	0.124572	1407.902	0.120553	1358.423	0.127889	1402.451	0.121875	1394.874	0.125	1410.273	0.122129	1397.623	0.126339		941.423	0.121371	765.709	0.120269	662.844	0.119823	676.504	0.124572	592.098	0.120553	641.577	0.127889	597.549	0.121875	605.126	0.125	589.727	0.122129	602.377	0.126339
1044.565	0.122341	1229.693	0.120507	1323.001	0.120663	1302.553	0.126086	1384.307	0.12299	1352.104	0.12851	1400.665	0.122589	1394.468	0.125139	1408.195	0.122638	1391.137	0.12818		955.435	0.122341	770.307	0.120507	676.999	0.120663	697.447	0.126086	615.693	0.12299	647.896	0.12851	599.335	0.122589	605.532	0.125139	591.805	0.122638	608.863	0.12818
1010.272	0.125202	1219.403	0.121079	1301.692	0.121921	1288.481	0.127127	1374.767	0.123863	1320.086	0.131903	1397.175	0.123832	1386.788	0.127801	1400.214	0.124576	1385.726	0.13005		989.728	0.125202	780.597	0.121079	698.308	0.121921	711.519	0.127127	625.233	0.123863	679.914	0.131903	602.825	0.123832	613.212	0.127801	599.786	0.124576	614.274	0.13005
1007.798	0.125478	1181.828	0.123122	1279.924	0.123285	1263.809	0.12915	1364.398	0.124699	1315.129	0.132445	1393.522	0.125	1383.005	0.128778	1397.641	0.125205	1382.575	0.131216		992.202	0.125478	818.172	0.123122	720.076	0.123285	736.191	0.12915	635.602	0.124699	684.871	0.132445	606.478	0.125	616.995	0.128778	602.359	0.125205	617.425	0.131216
979.53	0.128406	1166.67	0.124088	1255.026	0.12479	1263.809	0.12915	1339.018	0.126786	1293.161	0.135077	1381.36	0.127401	1367.942	0.131863	1395.203	0.126011	1378.436	0.132642		1020.47	0.128406	833.33	0.124088	744.974	0.12479	736.191	0.12915	660.982	0.126786	706.839	0.135077	618.64	0.127401	632.058	0.131863	604.797	0.126011	621.564	0.132642
977.92	0.128625	1146.24	0.125366	1237.201	0.12601	1263.645	0.129163	1335.226	0.127097	1282.24	0.136396	1379.496	0.127804	1366.306	0.132149	1388.566	0.128196	1371.998	0.134498		1022.08	0.128625	853.76	0.125366	762.799	0.12601	736.355	0.129163	664.774	0.127097	717.76	0.136396	620.504	0.127804	633.694	0.132149	611.434	0.128196	628.002	0.134498
960.22	0.130874	1113.338	0.127998	1206.987	0.128137	1263.492	0.129177	1298.288	0.130429	1262.318	0.138897	1376.795	0.128214	1362.084	0.132743	1387.083	0.128703	1363.264	0.136737		1039.78	0.130874	886.662	0.127998	793.013	0.128137	736.508	0.129177	701.712	0.130429	737.682	0.138897	623.205	0.128214	637.916	0.132743	612.917	0.128703	636.736	0.136737
959.58	0.130977	1109.128	0.128322	1183.721	0.130032	1263.104	0.129213	1293.742	0.130837	1250.286	0.140375	1362.622	0.130208	1344.263	0.135361	1379.847	0.13104	1358.396	0.137732		1040.42	0.130977	890.872	0.128322	816.279	0.130032	736.896	0.129213	706.258	0.130837	749.714	0.140375	637.378	0.130208	655.737	0.135361	620.153	0.13104	641.604	0.137732
943.21	0.133261	1099.379	0.129227	1166.211	0.131632	1213.448	0.133781	1287.711	0.131459	1221.532	0.144084	1352.264	0.131478	1336.707	0.13643	1373.599	0.132457	1354.161	0.138585		1056.79	0.133261	900.621	0.129227	833.789	0.131632	786.552	0.133781	712.289	0.131459	778.468	0.144084	647.736	0.131478	663.293	0.13643	626.401	0.132457	645.839	0.138585
942.92	0.133328	1086.718	0.130375	1161.401	0.132096	1196.538	0.135526	1268.674	0.133437	1215.686	0.144861	1343.957	0.132523	1315.034	0.139404	1367.088	0.133907	1340.311	0.141006		1057.08	0.133328	913.282	0.130375	838.599	0.132096	803.462	0.135526	731.326	0.133437	784.314	0.144861	656.043	0.132523	684.966	0.139404	632.912	0.133907	659.689	0.141006
939.34	0.133982	1071.799	0.131741	1138.641	0.134294	1188.612	0.136333	1259.358	0.134493	1184.825	0.14927	1328.256	0.134419	1309.493	0.140191	1358.783	0.135589	1333.037	0.142385		1060.66	0.133982	928.201	0.131741	861.359	0.134294	811.388	0.136333	740.642	0.134493	815.175	0.14927	671.744	0.134419	690.507	0.140191	641.217	0.135589	666.963	0.142385
919.14	0.137585	1064.035	0.132447	1112.622	0.137111	1173.12	0.138057	1237.872	0.136843	1184.333	0.149347	1327.085	0.134559	1284.965	0.143761	1345.742	0.13772	1323.28	0.144092		1080.86	0.137585	935.965	0.132447	887.378	0.137111	826.88	0.138057	762.128	0.136843	815.667	0.149347	672.915	0.134559	715.035	0.143761	654.258	0.13772	676.72	0.144092
915.58	0.138272	1048.334	0.13416	1102.824	0.138159	1159.864	0.1395	1202.982	0.140934	1181.678	0.149789	1311.64	0.136546	1284.466	0.143837	1330.63	0.140123	1320.898	0.144494		1084.42	0.138272	951.666	0.13416	897.176	0.138159	840.136	0.1395	797.018	0.140934	818.322	0.149789	688.36	0.136546	715.534	0.143837	669.37	0.140123	679.102	0.144494
909.09	0.140358	1029.573	0.136153	1098.622	0.138602	1155.071	0.140088	1201.753	0.141074	1161.569	0.153109	1305.201	0.137384	1282.131	0.1442	1330.052	0.140208	1318.907	0.144839		1090.91	0.140358	970.427	0.136153	901.378	0.138602	844.929	0.140088	798.247	0.141074	838.431	0.153109	694.799	0.137384	717.869	0.1442	669.948	0.140208	681.093	0.144839
903.86	0.142358	1017.53	0.137809	1094.645	0.139092	1139.977	0.141897	1201.217	0.141141	1158.806	0.153588	1281.316	0.140568	1260.798	0.147483	1305.422	0.143984	1301.343	0.147902		1096.14	0.142358	982.47	0.137809	905.355	0.139092	860.023	0.141897	798.783	0.141141	841.194	0.153588	718.684	0.140568	739.202	0.147483	694.578	0.143984	698.657	0.147902
899.58	0.144381	991.3	0.141801	1071.318	0.141861	1124.806	0.143953	1199.681	0.141342	1156.635	0.154023	1271.03	0.141957	1256.504	0.148166	1301.37	0.144608	1286.808	0.150708		1100.42	0.144381	1008.7	0.141801	928.682	0.141861	875.194	0.143953	800.319	0.141342	843.365	0.154023	728.97	0.141957	743.496	0.148166	698.63	0.144608	713.192	0.150708
898.3	0.145353	987.18	0.14265	1047.483	0.145486	1113.654	0.145553	1168.968	0.145228	1133.45	0.158535	1252.222	0.144591	1235.114	0.151863	1287.138	0.146958	1281.327	0.151796		1101.7	0.145353	1012.82	0.14265	952.517	0.145486	886.346	0.145553	831.032	0.145228	866.55	0.158535	747.778	0.144591	764.886	0.151863	712.862	0.146958	718.673	0.151796
893.26	0.148121	978.29	0.144848	1025.265	0.149814	1092.214	0.148878	1156.103	0.147062	1126.57	0.160173	1237.124	0.146753	1218.616	0.154977	1287.055	0.146972	1257.364	0.156983		1106.74	0.148121	1021.71	0.144848	974.735	0.149814	907.786	0.148878	843.897	0.147062	873.43	0.160173	762.876	0.146753	781.384	0.154977	712.945	0.146972	742.636	0.156983
890.29	0.149639	965.37	0.147796	1010.73	0.153272	1081.331	0.15078	1134.109	0.15046	1117.829	0.162308	1223.422	0.148802	1203.989	0.157988	1260.554	0.151783	1252.343	0.158119		1109.71	0.149639	1034.63	0.147796	989.27	0.153272	918.669	0.15078	865.891	0.15046	882.171	0.162308	776.578	0.148802	796.011	0.157988	739.446	0.151783	747.657	0.158119
889	0.150255	963.33	0.148367	1005.376	0.154625	1062.477	0.154443	1125.666	0.151954	1110.849	0.164255	1205.482	0.151724	1184.994	0.16236	1251.924	0.153462	1246.906	0.159446		1111	0.150255	1036.67	0.148367	994.624	0.154625	937.523	0.154443	874.334	0.151954	889.151	0.164255	794.518	0.151724	815.006	0.16236	748.076	0.153462	753.094	0.159446
878.48	0.156209	952.43	0.152326	1003.482	0.15522	1053.576	0.156536	1111.554	0.15449	1110.836	0.164259	1197.372	0.153106	1180.434	0.163436	1230.972	0.157957	1231.449	0.163231		1121.52	0.156209	1047.57	0.152326	996.518	0.15522	946.424	0.156536	888.446	0.15449	889.164	0.164259	802.628	0.153106	819.566	0.163436	769.028	0.157957	768.551	0.163231
876.55	0.157037	946.77	0.154273	986.15	0.160425	1037.67	0.160409	1101.45	0.156652	1110.818	0.164264	1178.318	0.15678	1174.857	0.164903	1225.41	0.159143	1220.617	0.166058		1123.45	0.157037	1053.23	0.154273	1013.85	0.160425	962.33	0.160409	898.55	0.156652	889.182	0.164264	821.682	0.15678	825.143	0.164903	774.59	0.159143	779.383	0.166058
864.3	0.163945	939.35	0.156932	985.42	0.160653	1025.42	0.163859	1091.107	0.158854	1096.781	0.168	1173.099	0.157859	1164.635	0.16756	1223.755	0.159548	1213.722	0.168		1135.7	0.163945	1060.65	0.156932	1014.58	0.160653	974.58	0.163859	908.893	0.158854	903.219	0.168	826.901	0.157859	835.365	0.16756	776.245	0.159548	786.278	0.168
861.37	0.16538	932.53	0.159096	979.25	0.162615	1017.739	0.165941	1086.15	0.160092			1154.062	0.162431	1162.992	0.168	1212.021	0.162337				1138.63	0.16538	1067.47	0.159096	1020.75	0.162615	982.261	0.165941	913.85	0.160092			845.938	0.162431	837.008	0.168	787.979	0.162337		
859.44	0.166279	921.99	0.162904	968.71	0.165916	1011.081	0.168	1076.927	0.162435			1147.484	0.16398			1206.274	0.163826				1140.56	0.166279	1078.01	0.162904	1031.29	0.165916	988.919	0.168	923.073	0.162435			852.516	0.16398			793.726	0.163826		
857.78	0.168	917.24	0.164536	962.45	0.168			1068.996	0.164547			1145.723	0.164438			1190.908	0.167781				1142.22	0.168	1082.76	0.164536	1037.55	0.168			931.004	0.164547			854.277	0.164438			809.092	0.167781		
		909.48	0.168	966.84	0.166497			1063.253	0.166028			1132.417	0.168			1190.042	0.168						1090.52	0.168	1033.16	0.166497			936.747	0.166028			867.583	0.168			809.958	0.168		
				968.71	0.165916			1057.142	0.167748																1031.29	0.165916			942.858	0.167748										
								1056.212	0.168																				943.788	0.168										
