heat_tc	position	normalised		dT/dx	position	normalised dT/dx		Temp	y	normalised		Stanton	plotted stanton	plotted y	y	normalised
147.593	0.012	0.050445521		514.991	0.0110058	0.004315109		1513.09	4.22214E-10	0.003326397		-0.0120888	0.0120888	0.099875	-0.099875	1
148.062	0.013	0.050605819		518.783	0.0120064	0.004346882		1513.21	0.0010005	0.002739386		-0.0110372	0.0110372	0.09975	-0.09975	0.91301039
158.108	0.014	0.054039422		530.463	0.013007	0.004444749		1513.31	0.00200101	0.00225021		-0.00698138	0.00698138	0.0995	-0.0995	0.577508107
172.279	0.015	0.0588829		549.607	0.0140075	0.004605156		1513.41	0.00300152	0.001761034		-0.00474451	0.00474451	0.099	-0.099	0.392471544
200.322	0.016	0.068467662		575.723	0.0150081	0.004823982		1513.5	0.00400204	0.001320775		-0.00393071	0.00393071	0.098	-0.098	0.325153034
245.153	0.017	0.083790361		606.464	0.0160087	0.005081561		1513.58	0.00500257	0.000929434		-0.00386569	0.00386569	0.097	-0.097	0.319774502
294.096	0.018	0.100518492		637.513	0.0170093	0.005341721		1513.65	0.00600309	0.000587011		-0.00380191	0.00380191	0.096	-0.096	0.314498544
342.941	0.019	0.117213129		669.1	0.0180099	0.005606388		1513.71	0.00700363	0.000293506		-0.00373192	0.00373192	0.095	-0.095	0.308708888
391.397	0.02	0.13377481		708.861	0.0190105	0.005939546		1513.75	0.00800417	9.78352E-05		-0.00366449	0.00366449	0.094	-0.094	0.303130997
439.123	0.021	0.150086985		747.473	0.0200111	0.006263075		1513.77	0.00900471	0		-0.0036032	0.0036032	0.093	-0.093	0.298061015
485.882	0.022	0.166068652		773.676	0.0210117	0.00648263		1513.79	0.0100053	-9.78352E-05		-0.00354655	0.00354655	0.092	-0.092	0.293374859
531.576	0.023	0.181686314		796.39	0.0220124	0.006672951		1513.78	0.0110058	-4.89176E-05		-0.00349319	0.00349319	0.091	-0.091	0.288960856
576.206	0.024	0.196940314		822.924	0.023013	0.006895279		1513.74	0.0120064	0.000146753		-0.00344238	0.00344238	0.09	-0.09	0.284757792
619.794	0.025	0.21183817		857.027	0.0240136	0.007181028		1513.66	0.013007	0.000538094		-0.00339382	0.00339382	0.089	-0.089	0.280740851
662.328	0.026	0.226375782		901.999	0.0250143	0.007557849		1513.54	0.0140075	0.001125105		-0.00334733	0.00334733	0.088	-0.088	0.276895143
703.732	0.027	0.240527174		958.293	0.0260149	0.008029536		1513.41	0.0150081	0.001761034		-0.00330274	0.00330274	0.087	-0.087	0.273206604
743.997	0.028	0.254289269		1024.59	0.0270156	0.008585038		1513.28	0.0160087	0.002396963		-0.00325987	0.00325987	0.086	-0.086	0.269660347
783.172	0.029	0.267678815		1099.83	0.0280163	0.009215474		1513.14	0.0170093	0.003081809		-0.00321854	0.00321854	0.085	-0.085	0.26624148
821.282	0.03	0.280704357		1186.38	0.029017	0.009940677		1513	0.0180099	0.003766655		-0.00317862	0.00317862	0.084	-0.084	0.26293925
858.364	0.031	0.29337854		1287.15	0.0300176	0.010785028		1512.85	0.0190105	0.004500419		-0.00314	0.00314	0.083	-0.083	0.259744557
894.455	0.032	0.305714012		1402.9	0.0310183	0.011754898		1512.68	0.0200111	0.005332019		-0.00310261	0.00310261	0.082	-0.082	0.256651611
928.09	0.033	0.317210053		1534.69	0.032019	0.012859166		1512.51	0.0210117	0.006163618		-0.00306638	0.00306638	0.081	-0.081	0.253654622
960.375	0.034	0.328244679		1673.35	0.0330198	0.014020998		1512.32	0.0220124	0.007093052		-0.00303128	0.00303128	0.08	-0.08	0.250751108
993.137	0.035	0.339442339		1816.21	0.0340205	0.015218022		1512.12	0.023013	0.008071405		-0.00299723	0.00299723	0.079	-0.079	0.247934452
1025.25	0.036	0.350418178		1984.16	0.0350212	0.016625274		1511.91	0.0240136	0.009098674		-0.00296415	0.00296415	0.078	-0.078	0.245198035
1056.38	0.037	0.361058039		2173.84	0.036022	0.018214603		1511.69	0.0250143	0.010174861		-0.00293195	0.00293195	0.077	-0.077	0.242534412
1086.56	0.038	0.371373202		2380.29	0.0370227	0.019944447		1511.45	0.0260149	0.011348884		-0.00290055	0.00290055	0.076	-0.076	0.239936966
1115.83	0.039	0.381377337		2603.81	0.0380235	0.021817321		1511.21	0.0270156	0.012522906		-0.00286994	0.00286994	0.075	-0.075	0.237404871
1144.25	0.04	0.391090953		2844.94	0.0390242	0.023837749		1510.96	0.0280163	0.013745846		-0.00284006	0.00284006	0.074	-0.074	0.234933161
1171.83	0.041	0.400517467		3104.27	0.040025	0.026010675		1510.69	0.029017	0.015066622		-0.00281088	0.00281088	0.073	-0.073	0.232519357
1198.62	0.042	0.409673968		3382.31	0.0410258	0.028340372		1510.42	0.0300176	0.016387397		-0.00278239	0.00278239	0.072	-0.072	0.23016263
1224.66	0.043	0.418574129		3679.65	0.0420266	0.030831783		1510.13	0.0310183	0.017806008		-0.00275458	0.00275458	0.071	-0.071	0.227862153
1249.96	0.044	0.427221366		3996.91	0.0430274	0.033490104		1509.84	0.032019	0.019224618		-0.00272742	0.00272742	0.07	-0.07	0.225615446
1274.57	0.045	0.435632769		4334.71	0.0440282	0.03632053		1509.53	0.0330198	0.020741064		-0.0027009	0.0027009	0.069	-0.069	0.22342168
1298.5	0.046	0.443811757		4693.64	0.045029	0.039328004		1509.26	0.0340205	0.022061839		-0.00267499	0.00267499	0.068	-0.068	0.221278373
1321.79	0.047	0.451772		5074.27	0.0460299	0.042517303		1508.95	0.0350212	0.023578285		-0.00264967	0.00264967	0.067	-0.067	0.219183873
1344.47	0.048	0.459523753		5477.12	0.0470307	0.045892782		1508.63	0.036022	0.025143648		-0.00262495	0.00262495	0.066	-0.066	0.217139005
1366.59	0.049	0.467084104		5902.6	0.0480316	0.049457879		1508.3	0.0370227	0.026757929		-0.00260078	0.00260078	0.065	-0.065	0.215139633
1388.17	0.05	0.474459889		6351.17	0.0490325	0.053216446		1507.96	0.0380235	0.028421127		-0.00257718	0.00257718	0.064	-0.064	0.213187413
1409.28	0.051	0.481675035		6823.34	0.0500333	0.057172758		1507.62	0.0390242	0.030084326		-0.00255413	0.00255413	0.063	-0.063	0.21128069
1429.96	0.052	0.488743211		7319.55	0.0510342	0.061330501		1507.28	0.040025	0.031747524		-0.00253162	0.00253162	0.062	-0.062	0.209418635
1450.27	0.053	0.495684926		7840.6	0.0520351	0.065696379		1506.92	0.0410258	0.033508558		-0.00250964	0.00250964	0.061	-0.061	0.207600424
1470.23	0.054	0.502507015		8387.01	0.0530361	0.070274747		1506.57	0.0420266	0.035220674		-0.00248819	0.00248819	0.06	-0.06	0.205826054
1489.89	0.055	0.509226568		8959.13	0.054037	0.07506854		1506.2	0.0430274	0.037030626		-0.00246727	0.00246727	0.059	-0.059	0.204095526
1509.32	0.056	0.515867509		9557.54	0.0550379	0.080082617		1505.84	0.0440282	0.038791659		-0.00244686	0.00244686	0.058	-0.058	0.202407187
1528.54	0.057	0.522436675		10182.7	0.0560389	0.085320832		1505.46	0.045029	0.040650528		-0.00242699	0.00242699	0.057	-0.057	0.200763517
1547.59	0.058	0.528947737		10835.3	0.0570399	0.090788967		1505.09	0.0460299	0.042460479		-0.00240764	0.00240764	0.056	-0.056	0.199162861
1566.51	0.059	0.535414367		11515.9	0.0580408	0.096491713		1504.71	0.0470307	0.044319348		-0.0023888	0.0023888	0.055	-0.055	0.197604394
1585.32	0.06	0.5418434		12225.2	0.0590418	0.102434937		1504.33	0.0480316	0.046178217		-0.00237049	0.00237049	0.054	-0.054	0.196089769
1604.06	0.061	0.548248507		12963.5	0.0600429	0.108621152		1503.94	0.0490325	0.048086004		-0.0023527	0.0023527	0.053	-0.053	0.194618159
1622.8	0.062	0.554653615		13731.7	0.0610439	0.115057899		1503.55	0.0500333	0.04999379		-0.00233544	0.00233544	0.052	-0.052	0.193190391
1641.56	0.063	0.561065558		14530.4	0.0620449	0.121750205		1503.16	0.0510342	0.051901577		-0.0023187	0.0023187	0.051	-0.051	0.191805638
1660.4	0.064	0.567504845		15360.6	0.063046	0.12870645		1502.76	0.0520351	0.053858281		-0.00230249	0.00230249	0.05	-0.05	0.190464728
1679.34	0.065	0.57397831		16223	0.0640471	0.135932499		1502.36	0.0530361	0.055814985		-0.00228682	0.00228682	0.049	-0.049	0.189168487
1698.41	0.066	0.580496208		17118.7	0.0650482	0.143437568		1501.95	0.054037	0.057820607		-0.00227166	0.00227166	0.048	-0.048	0.187914433
1717.66	0.067	0.587075627		18048.7	0.0660493	0.151230037		1501.53	0.0550379	0.059875146		-0.00225704	0.00225704	0.047	-0.047	0.186705049
1737.11	0.068	0.593723405		19014	0.0670504	0.159318285		1501.11	0.0560389	0.061929685		-0.00224295	0.00224295	0.046	-0.046	0.185539508
1756.8	0.069	0.600453211		20016.1	0.0680515	0.167714879		1500.69	0.0570399	0.063984225		-0.00222938	0.00222938	0.045	-0.045	0.184416981
1776.78	0.07	0.607282136		21056.4	0.0690527	0.176431552		1500.26	0.0580408	0.066087682		-0.00221635	0.00221635	0.044	-0.044	0.183339124
1797.11	0.071	0.614230686		22136.8	0.0700538	0.185484222		1499.82	0.0590418	0.068240056		-0.00220388	0.00220388	0.043	-0.043	0.18230759
1817.83	0.072	0.621312534		23258.9	0.071055	0.194886297		1499.38	0.0600429	0.070392431		-0.00219197	0.00219197	0.042	-0.042	0.181322381
1839	0.073	0.628548187		24424.8	0.0720563	0.204655372		1498.92	0.0610439	0.072642641		-0.00218063	0.00218063	0.041	-0.041	0.180384323
1860.65	0.074	0.635947898		25636.8	0.0730575	0.214810718		1498.46	0.0620449	0.07489285		-0.00216987	0.00216987	0.04	-0.04	0.179494243
1882.86	0.075	0.64353901		26897.9	0.0740587	0.225377474		1497.98	0.063046	0.077240895		-0.00215971	0.00215971	0.039	-0.039	0.178653795
1905.67	0.076	0.651335195		28210.9	0.07506	0.236379099		1497.5	0.0640471	0.07958894		-0.00215013	0.00215013	0.038	-0.038	0.177861326
1929.12	0.077	0.659350124		29579.6	0.0760613	0.247847435		1497	0.0650482	0.08203482		-0.00214113	0.00214113	0.037	-0.037	0.177116835
1953.27	0.078	0.667604305		31007.6	0.0770626	0.259812646		1496.49	0.0660493	0.084529618		-0.00213266	0.00213266	0.036	-0.036	0.176416187
1978.19	0.079	0.676121663		32498.9	0.0780639	0.272308247		1495.96	0.0670504	0.087122251		-0.0021246	0.0021246	0.035	-0.035	0.175749454
2003.94	0.08	0.684922705		34058.8	0.0790653	0.285378647		1495.42	0.0680515	0.089763802		-0.00212138	0.00212138	0.034	-0.034	0.175483092
2030.58	0.081	0.694027938		35692.8	0.0800667	0.299069931		1494.86	0.0690527	0.092503187		-0.00212102	0.00212102	0.033	-0.033	0.175453312
2058.15	0.082	0.703451034		37403.4	0.0810681	0.313403047		1494.28	0.0700538	0.095340408		-0.00211767	0.00211767	0.032	-0.032	0.175176196
2086.72	0.083	0.713215918		39183.8	0.0820695	0.328321016		1493.69	0.071055	0.098226547		-0.00211309	0.00211309	0.031	-0.031	0.174797333
2116.39	0.084	0.723356769		41016.3	0.0830709	0.343675532		1493.07	0.0720563	0.101259438		-0.00210903	0.00210903	0.03	-0.03	0.174461485
2147.28	0.085	0.733914601		42887.1	0.0840724	0.359350963		1492.42	0.0730575	0.104439083		-0.00210581	0.00210581	0.029	-0.029	0.174195123
2179.49	0.086	0.744923593		44822.1	0.0850739	0.375564326		1491.75	0.0740587	0.107716562		-0.00210322	0.00210322	0.028	-0.028	0.173980875
2213.2	0.087	0.756445268		46857.4	0.0860754	0.392618102		1491.05	0.07506	0.111140794		-0.00210133	0.00210133	0.027	-0.027	0.173824532
2248.59	0.088	0.768541146		49009.2	0.087077	0.410648032		1490.32	0.0760613	0.114711779		-0.00210014	0.00210014	0.026	-0.026	0.173726094
2285.87	0.089	0.781283004		51292.1	0.0880786	0.429776448		1489.55	0.0770626	0.118478435		-0.00209963	0.00209963	0.025	-0.025	0.173683906
2325.29	0.09	0.794756288		53718.5	0.0890802	0.450107251		1488.74	0.0780639	0.12244076		-0.00209981	0.00209981	0.024	-0.024	0.173698796
2367.17	0.091	0.809070371		56307.6	0.0900818	0.471801317		1487.89	0.0790653	0.126598757		-0.00210071	0.00210071	0.023	-0.023	0.173773245
2411.85	0.092	0.82434146		59080.2	0.0910835	0.495032929		1487	0.0800667	0.130952423		-0.00210233	0.00210233	0.022	-0.022	0.173907253
2459.57	0.093	0.840651585		62043.1	0.0920852	0.519859065		1486.05	0.0810681	0.135599596		-0.00210464	0.00210464	0.021	-0.021	0.174098339
2510.86	0.094	0.858181893		65209.5	0.0930869	0.546390327		1485.04	0.0820695	0.140540274		-0.00210764	0.00210764	0.02	-0.02	0.174346503
2566.64	0.095	0.877246829		68651.7	0.0940887	0.575232517		1483.96	0.0830709	0.145823375		-0.0021113	0.0021113	0.019	-0.019	0.174649262
2630.07	0.096	0.898926444		72857	0.0950905	0.610468721		1482.81	0.0840724	0.151448899		-0.00211561	0.00211561	0.018	-0.018	0.17500579
2710.41	0.097	0.926385694		78596.8	0.0960923	0.658562499		1481.57	0.0850739	0.157514682		-0.00212059	0.00212059	0.017	-0.017	0.175417742
2803.61	0.098	0.958240339		83549.3	0.0970942	0.700059491		1480.23	0.0860754	0.164069641		-0.00212624	0.00212624	0.016	-0.016	0.175885117
2925.79	0.099	1		86778.1	0.0980961	0.727113602		1478.78	0.087077	0.171162693		-0.00213254	0.00213254	0.015	-0.015	0.17640626
				116493	0.099098	0.976094716		1477.19	0.0880786	0.178940592		-0.00213942	0.00213942	0.014	-0.014	0.176975382
				116493	0.099098	0.976094716		1475.44	0.0890802	0.187501173		-0.002147	0.002147	0.013	-0.013	0.177602409
				119346	0.09948	1		1473.49	0.0900818	0.197040105		-0.0021552	0.0021552	0.012	-0.012	0.178280723
								1471.32	0.0910835	0.207655225		-0.00216365	0.00216365	0.011	-0.011	0.178979717
								1468.86	0.0920852	0.219688955		-0.00217217	0.00217217	0.01	-0.01	0.179684501
								1466.02	0.0930869	0.233581555		-0.00218067	0.00218067	0.009	-0.009	0.180387632
								1462.65	0.0940887	0.250066787		-0.00218909	0.00218909	0.008	-0.008	0.181084144
								1458.49	0.0950905	0.27041651		-0.00219707	0.00219707	0.007	-0.007	0.181744259
								1453.19	0.0960923	0.296342839		-0.00220437	0.00220437	0.006	-0.006	0.182348124
								1446.41	0.0970942	0.329508974		-0.00221083	0.00221083	0.005	-0.005	0.182882503
								1436.81	0.0980961	0.376469873		-0.00221623	0.00221623	0.004	-0.004	0.183329197
								1418.82	0.099098	0.464472641		-0.00222037	0.00222037	0.003	-0.003	0.183671663
								1309.34	0.1	1.00002256		-0.00222305	0.00222305	0.002	-0.002	0.183893356
												-0.00222372	0.00222372	0.001	-0.001	0.183948779
