x position	heat_tr	normalised		position	dT/dy	normalised dT/dy		position	temp	normalised		x	Stanton	Plotted stanton	normalised		x	temp	normalised
-4.51E-11	1676.65	1		0.0149261	1574.68	0.006271052		-4.51E-11	1399.21	0.902721953		0	-0.009667	0.009667	1		-7.51E-12	353.491	1
0.000990232	419.974	0.250484001		0.0159276	-1239.51	-0.004936261		0.000990232	1346.83	0.868928187		0.000125004	-0.00558876	0.00558876	0.578127651		0.000115038	328.202	0.517753623
0.00199043	215.144	0.128317777		0.0169291	-12633.7	-0.05031282		0.00199043	1341.66	0.865592681		0.000250008	-0.00330945	0.00330945	0.342345092		0.000240071	310.549	0.181121281
0.00299062	153.111	0.091319596		0.0179305	-17908	-0.071317348		0.00299062	1315.7	0.848844186		0.000500016	-0.0014256	0.0014256	0.147470777		0.000240073	310.547	0.181083143
0.0039908	134.609	0.080284496		0.018932	-19753.4	-0.078666523		0.0039908	1305.47	0.842244144		0.00100003	-0.000854062	0.000854062	0.088348195		0.000490133	304.494	0.065655988
0.00499098	128.312	0.076528793		0.0199334	-20493.8	-0.081615114		0.00499098	1310.75	0.845650617		0.00200003	-0.000573541	0.000573541	0.059329782		0.000490134	304.494	0.065655988
0.00599116	123.562	0.073695762		0.0209347	-20524.3	-0.081736578		0.00599116	1317.17	0.849792579		0.00300003	-0.000407593	0.000407593	0.042163339		0.000990232	302.009	0.018268497
0.00699134	121.473	0.072449826		0.0219361	-20240.3	-0.080605568		0.00699134	1317.51	0.850011936		0.00400003	-0.000302959	0.000302959	0.031339506		0.000990232	302.009	0.018268497
0.00799151	122.382	0.072991978		0.0229374	-19937.7	-0.079400485		0.00799151	1316.87	0.84959903		0.00500003	-0.000251288	0.000251288	0.025994414		0.00199043	301.604	0.010545385
0.00899168	123.501	0.07365938		0.0239387	-20052	-0.079855677		0.00899168	1336.93	0.862541049		0.00600003	-0.000227732	0.000227732	0.02355767		0.00299062	301.319	0.005110603
0.00999185	117.059	0.069817195		0.02494	-20800.6	-0.082836923		0.00999185	1397.06	0.901334847		0.00700003	-0.000214471	0.000214471	0.02218589		0.0039908	301.348	0.005663616
0.010992	102.147	0.06092327		0.0259413	-21499.2	-0.085619049		0.010992	1463.41	0.944141575		0.00800003	-0.000202835	0.000202835	0.020982208		0.00499098	301.482	0.008218917
0.0119922	78.8701	0.047040289		0.0269425	-21723.6	-0.086512706		0.0119922	1506.45	0.971909496		0.00900003	-0.000191801	0.000191801	0.019840799		0.00599116	301.577	0.010030511
0.0129923	58.0112	0.034599469		0.0279438	-21614.6	-0.086078621		0.0129923	1589.2	1.025296937		0.01	-0.000182114	0.000182114	0.01883873		0.00699134	301.628	0.011003051
0.0139925	61.3444	0.036587481		0.028945	-21365.7	-0.085087394		0.0139925	1644.92	1.061245556		0.011	-0.000174177	0.000174177	0.018017689		0.00799151	301.646	0.011346301
0.0149926	71.1877	0.042458295		0.0299462	-21012.6	-0.083681199		0.0149926	1633.99	1.054193898		0.012	-0.000167443	0.000167443	0.017321092		0.00899168	301.646	0.011346301
0.0159928	69.8516	0.041661408		0.0309473	-20568.3	-0.081911805		0.0159928	1631.57	1.052632598		0.013	-0.000160716	0.000160716	0.01662522		0.00999185	301.643	0.011289092
0.0169929	64.3018	0.038351355		0.0319485	-20031.4	-0.079773639		0.0169929	1630.56	1.051980981		0.014	-0.00015299	0.00015299	0.015826006		0.010992	301.642	0.011270023
0.0179931	58.1765	0.034698059		0.0329496	-19408.5	-0.077292983		0.0179931	1629.17	1.051084201		0.015	-0.000143816	0.000143816	0.014877004		0.0119922	301.643	0.011289092
0.0189932	53.6584	0.03200334		0.0339508	-18686.9	-0.074419262		0.0189932	1626.84	1.049580965		0.016	-0.000133292	0.000133292	0.013788352		0.0129923	301.643	0.011289092
0.0199934	51.3813	0.030645215		0.0349519	-17807.7	-0.07091791		0.0199934	1623.32	1.047309983		0.017	-0.000121922	0.000121922	0.012612186		0.0139925	301.639	0.011212815
0.0209935	51.2093	0.03054263		0.035953	-16744.3	-0.066682995		0.0209935	1618.91	1.044464803		0.018	-0.00011038	0.00011038	0.011418227		0.0149926	301.625	0.010945843
0.0219936	52.6196	0.031383771		0.036954	-15518.5	-0.061801333		0.0219936	1614.06	1.041335751		0.019	-9.92566E-05	9.92566E-05	0.01026757		0.0159928	301.597	0.010411899
0.0229938	54.894	0.032740286		0.0379551	-14166	-0.056415097		0.0229938	1609.18	1.038187343		0.02	-8.94323E-05	8.94323E-05	0.009251298		0.0169929	301.544	0.00940122
0.0239939	57.4671	0.034274953		0.0389561	-12755.9	-0.050799473		0.0239939	1604.5	1.035167969		0.021	-8.20472E-05	8.20472E-05	0.008487349		0.0179931	301.464	0.007875667
0.024994	59.9602	0.035761906		0.0399572	-11327.8	-0.045112165		0.024994	1600.12	1.032342144		0.022	-7.76225E-05	7.76225E-05	0.008029637		0.0189932	301.36	0.005892449
0.0259942	62.3089	0.037162735		0.0409582	-9848.15	-0.039219563		0.0259942	1596.06	1.029722772		0.023	-0.000076002	0.000076002	0.007862005		0.0199934	301.246	0.003718535
0.0269943	64.6554	0.038562252		0.0419592	-8315.62	-0.033116371		0.0269943	1592.25	1.027264692		0.024	-7.64038E-05	7.64038E-05	0.007903569		0.0209935	301.148	0.001849733
0.0279944	66.9395	0.039924552		0.0429602	-6802.23	-0.027089402		0.0279944	1588.7	1.024974355		0.025	-0.000077669	0.000077669	0.008034447		0.0219936	301.081	0.000572082
0.0289945	69.1268	0.041229118		0.0439611	-5379.19	-0.021422245		0.0289945	1585.37	1.022825954		0.026	-7.90932E-05	7.90932E-05	0.008181773		0.0229938	301.051	0
0.0299946	71.2441	0.042491933		0.0449621	-4071.38	-0.016213984		0.0299946	1582.26	1.020819489		0.027	-0.000080566	0.000080566	0.008334126		0.0239939	301.052	1.90694E-05
0.0309948	73.1959	0.04365604		0.045963	-2869.57	-0.01142786		0.0309948	1579.34	1.018935606		0.028	-0.000082207	0.000082207	0.008503879		0.024994	301.067	0.000305111
0.0319949	75.0021	0.044733307		0.046964	-1731.15	-0.006894183		0.0319949	1576.58	1.017154949		0.029	-8.41772E-05	8.41772E-05	0.008707686		0.0259942	301.086	0.000667429
0.032995	76.765	0.045784749		0.0479649	-557.518	-0.002220276		0.032995	1573.94	1.015451713		0.03	-8.66014E-05	8.66014E-05	0.008958457		0.0269943	301.106	0.001048818
0.0339951	78.5336	0.046839591		0.0489658	695.315	0.002769043		0.0339951	1571.39	1.013806541		0.031	-8.95814E-05	8.95814E-05	0.009266722		0.0279944	301.128	0.001468345
0.0349952	80.2154	0.047842662		0.0499667	1900.92	0.00757028		0.0349952	1568.98	1.012251692		0.032	-0.0000933	0.0000933	0.009651391		0.0289945	301.154	0.00196415
0.0359953	81.7941	0.048784242		0.0509676	2868.8	0.011424794		0.0359953	1566.71	1.010787166		0.033	-9.80382E-05	9.80382E-05	0.010141533		0.0299946	301.186	0.002574371
0.0369954	83.3429	0.049707989		0.0519684	3507.7	0.013969168		0.0369954	1564.55	1.009393609		0.034	-0.000104091	0.000104091	0.010767663		0.0309948	301.225	0.003318078
0.0379955	84.7621	0.050554439		0.0529693	3969.61	0.015808692		0.0379955	1562.55	1.008103278		0.035	-0.000111717	0.000111717	0.011556533		0.0319949	301.273	0.00423341
0.0389956	85.9668	0.051272955		0.0539701	4621.81	0.018406033		0.0389956	1560.73	1.006929077		0.036	-0.000121204	0.000121204	0.012537912		0.032995	301.334	0.005396644
0.0399957	87.1692	0.051990099		0.054971	5474.19	0.021800576		0.0399957	1558.96	1.005787134		0.037	-0.000132589	0.000132589	0.01371563		0.0339951	301.411	0.006864989
0.0409958	88.4021	0.052725435		0.0559718	6149	0.024487959		0.0409958	1557.26	1.004690353		0.038	-0.000145145	0.000145145	0.015014482		0.0349952	301.506	0.008676583
0.0419959	89.5142	0.053388722		0.0569726	6279.55	0.025007865		0.0419959	1555.69	1.003677443		0.039	-0.000158074	0.000158074	0.016351919		0.0359953	301.623	0.010907704
0.042996	90.5838	0.05402666		0.0579734	6218.04	0.024762906		0.042996	1554.18	1.002703243		0.04	-0.000171072	0.000171072	0.017696493		0.0369954	301.762	0.013558352
0.0439961	91.6874	0.054684878		0.0589742	6559.38	0.026122269		0.0439961	1552.72	1.001761302		0.041	-0.000183965	0.000183965	0.019030206		0.0379955	301.914	0.016456903
0.0449962	92.827	0.055364566		0.059975	7053.57	0.028090345		0.0449962	1551.31	1.000851618		0.042	-0.000196734	0.000196734	0.020351091		0.0389956	302.067	0.019374523
0.0459963	93.9184	0.056015507		0.059975	7053.57	0.028090345		0.0459963	1549.99	1		0.043	-0.000209528	0.000209528	0.021674563		0.0399957	302.217	0.022234935
0.0469964	94.9277	0.056617481		0.0609758	6788.55	0.027034922		0.0469964	1548.77	0.999212898		0.044	-0.000222443	0.000222443	0.023010551		0.0409958	302.363	0.025019069
0.0479965	95.891	0.05719202		0.0619766	6187	0.024639291		0.0479965	1547.62	0.998470958		0.045	-0.00023539	0.00023539	0.02434985		0.0419959	302.504	0.027707857
0.0489966	96.8099	0.057740077		0.0629773	6166.51	0.024557691		0.0489966	1546.53	0.997767728		0.046	-0.000248131	0.000248131	0.025667839		0.042996	302.642	0.030339436
0.0499967	97.6949	0.058267915		0.0639781	6256.87	0.024917544		0.0499967	1545.5	0.997103207		0.047	-0.000260398	0.000260398	0.026936795		0.0439961	302.778	0.032932876
0.0509968	98.4717	0.05873122		0.0649788	5564.77	0.022161304		0.0509968	1544.56	0.996496752		0.048	-0.000272051	0.000272051	0.028142236		0.0449962	302.91	0.035450038
0.0519969	99.092	0.059101184		0.0659795	4874.05	0.019410561		0.0519969	1543.7	0.995941909		0.049	-0.000283144	0.000283144	0.029289749		0.0459963	303.038	0.037890923
0.0529969	99.6009	0.059404706		0.0669803	5251.57	0.020914007		0.0529969	1542.91	0.995432229		0.05	-0.000293712	0.000293712	0.030382952		0.0469964	303.16	0.040217391
0.053997	99.9939	0.059639102		0.067981	4494.2	0.017897835		0.053997	1542.18	0.994961258		0.051	-0.000303817	0.000303817	0.031428261		0.0479965	303.273	0.042372235
0.0549971	100.309	0.059827036		0.0689817	3214.24	0.012800484		0.0549971	1541.48	0.994509642		0.052	-0.00031381	0.00031381	0.032461984		0.0489966	303.379	0.044393593
0.0559972	100.605	0.060003579		0.0699824	2622.32	0.010443205		0.0559972	1540.81	0.994077381		0.053	-0.000323948	0.000323948	0.033510707		0.0499967	303.478	0.046281465
0.0569973	100.776	0.060105568		0.0709831	1567.29	0.006241622		0.0569973	1540.18	0.993670927		0.054	-0.000334201	0.000334201	0.034571325		0.0509968	303.572	0.048073989
0.0579974	100.848	0.06014851		0.0719837	422.036	0.001680729		0.0579974	1539.55	0.993264473		0.055	-0.000344534	0.000344534	0.035640219		0.0519969	303.665	0.049847445
0.0589974	101.493	0.060533206		0.0729844	-679.685	-0.002706798		0.0589974	1538.92	0.992858018		0.056	-0.000354975	0.000354975	0.036720286		0.0529969	303.758	0.0516209
0.0599975	102.783	0.061302597		0.0739851	-1811.2	-0.007212976		0.0599975	1538.32	0.992470919		0.057	-0.000365562	0.000365562	0.037815455		0.053997	303.85	0.053375286
0.0599975	102.783	0.061302597		0.0749857	-2997.15	-0.011935939		0.0599975	1538.32	0.992470919		0.058	-0.000376278	0.000376278	0.038923968		0.0549971	303.942	0.055129672
0.0609976	104.248	0.062176364		0.0759864	-4250.73	-0.016928233		0.0609976	1537.74	0.992096723		0.059	-0.000387001	0.000387001	0.040033206		0.0559972	304.034	0.056884058
0.0619977	105.728	0.063059076		0.076987	-5591.56	-0.022267994		0.0619977	1537.15	0.991716076		0.06	-0.000397477	0.000397477	0.041116893		0.0569973	304.125	0.058619375
0.0629977	107.298	0.063995467		0.0779876	-7061.82	-0.0281232		0.0629977	1536.58	0.991348331		0.061	-0.00040744	0.00040744	0.042147512		0.0579974	304.216	0.060354691
0.0639978	108.919	0.064962276		0.0789883	-8605.05	-0.034269005		0.0639978	1536.03	0.99099349		0.062	-0.000416776	0.000416776	0.043113272		0.0589974	304.306	0.062070938
0.0649979	110.648	0.065993499		0.0799889	-11706	-0.04661832		0.0649979	1535.48	0.990638649		0.063	-0.000425557	0.000425557	0.04402162		0.0599975	304.392	0.063710908
0.065998	112.945	0.067363493		0.0809895	-13362.7	-0.053216011		0.065998	1534.9	0.990264453		0.064	-0.000433932	0.000433932	0.044887969		0.0609976	304.474	0.0652746
0.066998	114.209	0.068117377		0.0819901	-13562.2	-0.054010506		0.066998	1534.35	0.989909612		0.065	-0.000442188	0.000442188	0.045742009		0.0619977	304.55	0.066723875
0.0679981	115.291	0.068762711		0.0829907	-15424.5	-0.061426984		0.0679981	1533.86	0.989593481		0.066	-0.000449217	0.000449217	0.046469122		0.0629977	304.621	0.068077803
0.0689982	117.366	0.070000298		0.0839913	-17432.9	-0.069425296		0.0689982	1533.37	0.98927735		0.067	-0.000457971	0.000457971	0.047374677		0.0639978	304.688	0.069355454
0.0699982	119.403	0.071215221		0.0849919	-19510.5	-0.077699191		0.0699982	1532.87	0.988954767		0.068	-0.000468217	0.000468217	0.048434571		0.0649979	304.752	0.070575896
0.0709983	121.373	0.072390183		0.0859925	-21653.9	-0.086235131		0.0709983	1532.36	0.988625733		0.069	-0.000476585	0.000476585	0.049300197		0.065998	304.812	0.071720061
0.0719984	123.285	0.073530552		0.086993	-23856.5	-0.09500683		0.0719984	1531.84	0.988290247		0.07	-0.000484578	0.000484578	0.05012703		0.066998	304.906	0.073512586
0.0729984	125.362	0.074769332		0.0879936	-26114.9	-0.104000749		0.0729984	1531.32	0.987954761		0.071	-0.000492744	0.000492744	0.05097176		0.0679981	304.976	0.074847445
0.0739985	127.63	0.076122029		0.0889942	-28427.4	-0.113210117		0.0739985	1530.8	0.987619275		0.072	-0.000501291	0.000501291	0.051855902		0.0689982	305.035	0.07597254
0.0749986	129.824	0.077430591		0.0899947	-30790.8	-0.122622191		0.0749986	1530.26	0.987270886		0.073	-0.000510148	0.000510148	0.052772111		0.0699982	305.09	0.077021358
0.0759986	132.046	0.078755852		0.0909953	-33202.5	-0.132226616		0.0759986	1529.73	0.986928948		0.074	-0.000519091	0.000519091	0.053697217		0.0709983	305.146	0.078089245
0.0769987	134.54	0.080243342		0.0919958	-35665.6	-0.142035738		0.0769987	1529.19	0.986580559		0.075	-0.000527898	0.000527898	0.054608255		0.0719984	305.202	0.079157132
0.0779988	137.013	0.081718307		0.0929964	-38189.9	-0.152088585		0.0779988	1528.57	0.986180556		0.076	-0.000536468	0.000536468	0.055494776		0.0729984	305.259	0.080244088
0.0789988	139.477	0.083187904		0.0939969	-40783.8	-0.162418609		0.0789988	1527.95	0.985780553		0.077	-0.000544845	0.000544845	0.056361332		0.0739985	305.315	0.081311976
0.0799989	142.228	0.084828676		0.0949974	-43450.3	-0.173037757		0.0799989	1527.43	0.985445067		0.078	-0.00055316	0.00055316	0.057221475		0.0749986	305.37	0.082360793
0.080999	145.064	0.086520144		0.095998	-46188.4	-0.183942048		0.080999	1526.9	0.98510313		0.079	-0.000561542	0.000561542	0.058088549		0.0759986	305.422	0.083352403
0.081999	147.809	0.088157338		0.0969985	-48989.7	-0.195098028		0.081999	1526.39	0.984774095		0.08	-0.000570067	0.000570067	0.058970415		0.0769987	305.472	0.084305873
0.0829991	150.442	0.089727731		0.097999	-51837.1	-0.206437597		0.0829991	1525.73	0.984348286		0.081	-0.000578749	0.000578749	0.059868522		0.0779988	305.52	0.085221205
0.0839991	153.017	0.091263531		0.0989995	-54712.3	-0.217887879		0.0839991	1525	0.983877315		0.082	-0.000587576	0.000587576	0.060781628		0.0789988	305.568	0.086136537
0.0849992	155.703	0.092865535		0.1	-57602.3	-0.2293971		0.0849992	1524.17	0.983341828		0.083	-0.000596519	0.000596519	0.061706734		0.0799989	305.614	0.08701373
0.0859993	158.59	0.094587421		0.101001	-60502.8	-0.240948137		0.0859993	1523.31	0.982786986		0.084	-0.000605559	0.000605559	0.062641874		0.080999	305.66	0.087890923
0.0869993	161.591	0.0963773		0.102001	-63419.1	-0.252562096		0.0869993	1522.59	0.982322467		0.085	-0.000614689	0.000614689	0.063586325		0.081999	305.705	0.088749047
0.0879994	164.702	0.098232786		0.103002	-66360.5	-0.264276014		0.0879994	1521.87	0.981857947		0.086	-0.000623849	0.000623849	0.064533878		0.0829991	305.749	0.089588101
0.0889994	167.898	0.100138968		0.104002	-69335	-0.276121751		0.0889994	1521.16	0.98139988		0.087	-0.000632847	0.000632847	0.065464674		0.0839991	305.792	0.090408085
0.0899995	171.122	0.10206185		0.105003	-72347.3	-0.288118023		0.0899995	1520.45	0.980941813		0.088	-0.000641488	0.000641488	0.066358539		0.0849992	305.834	0.091209001
0.0909995	174.409	0.104022306		0.106003	-75398.5	-0.300269212		0.0909995	1519.72	0.980470842		0.089	-0.000649618	0.000649618	0.067199545		0.0859993	305.874	0.091971777
0.0919996	177.798	0.106043599		0.107004	-78486.8	-0.312568149		0.0919996	1518.99	0.979999871		0.09	-0.000657059	0.000657059	0.067969277		0.0869993	305.911	0.092677346
0.0929996	181.299	0.108131691		0.108004	-81609.5	-0.325004082		0.0929996	1518.27	0.979535352		0.091	-0.000663702	0.000663702	0.06865646		0.0879994	305.946	0.093344775
0.0939997	184.861	0.110256166		0.109005	-84761	-0.337554709		0.0939997	1517.58	0.979090188		0.092	-0.000669664	0.000669664	0.069273197		0.0889994	305.976	0.093916857
0.0949997	188.151	0.112218412		0.110005	-87930.8	-0.350178214		0.0949997	1516.83	0.978606314		0.093	-0.000675385	0.000675385	0.069865005		0.0899995	306.003	0.094431732
0.0959998	190.936	0.113879462		0.111006	-91106.9	-0.362826808		0.0959998	1516	0.978070826		0.094	-0.000681518	0.000681518	0.070499431		0.0909995	306.026	0.094870328
0.0969999	193.504	0.115411088		0.112006	-94282.4	-0.375473013		0.0969999	1515.2	0.977554694		0.095	-0.000688632	0.000688632	0.071235337		0.0919996	306.046	0.095251716
0.0979999	196.106	0.116962992		0.113007	-97460.1	-0.388127979		0.0979999	1514.42	0.977051465		0.096	-0.000696905	0.000696905	0.072091135		0.0929996	306.064	0.095594966
0.0989999	198.752	0.118541139		0.114008	-100649	-0.400827549		0.0989999	1513.63	0.976541784		0.097	-0.000706046	0.000706046	0.073036723		0.0939997	306.084	0.095976354
0.1	201.453	0.120152089		0.115008	-103853	-0.413587253		0.1	1512.85	0.976038555		0.098	-0.000715471	0.000715471	0.074011689		0.0949997	306.107	0.09641495
0.101	204.221	0.121803		0.116009	-107074	-0.426414659		0.101	1512.07	0.975535326		0.099	-0.000724586	0.000724586	0.074954588		0.0959998	306.133	0.096910755
0.102	207.035	0.123481347		0.117009	-110314	-0.43931773		0.102	1511.29	0.975032097		0.1	-0.000732986	0.000732986	0.075823523		0.0969999	306.16	0.097425629
0.103	209.845	0.125157308		0.11801	-113574	-0.45230045		0.103	1510.5	0.974522416		0.101	-0.000740529	0.000740529	0.076603807		0.0979999	306.186	0.097921434
0.104	212.626	0.126815972		0.11901	-116853	-0.465358837		0.104	1509.73	0.974025639		0.102	-0.000747299	0.000747299	0.077304127		0.0989999	306.21	0.0983791
0.105	215.36	0.128446605		0.120011	-120137	-0.478437135		0.105	1508.96	0.973528861		0.103	-0.000753529	0.000753529	0.077948588		0.1	306.231	0.098779558
0.106	218.046	0.130048609		0.121012	-123407	-0.49145968		0.106	1508.2	0.973038536		0.104	-0.00075949	0.00075949	0.078565222		0.101	306.247	0.099084668
0.107	220.703	0.131633316		0.122012	-126649	-0.504370716		0.107	1507.45	0.972554662		0.105	-0.000765413	0.000765413	0.079177925		0.102	306.261	0.09935164
0.108	223.327	0.133198342		0.123013	-129852	-0.517126438		0.108	1506.7	0.972070788		0.106	-0.000771431	0.000771431	0.079800455		0.103	306.273	0.099580473
0.109	225.9	0.13473295		0.124014	-133016	-0.529726845		0.109	1505.97	0.971599817		0.107	-0.000777586	0.000777586	0.080437157		0.104	306.285	0.099809306
0.110001	228.427	0.136240122		0.125014	-136140	-0.542167955		0.110001	1505.25	0.971135298		0.108	-0.000783874	0.000783874	0.081087618		0.105	306.297	0.100038139
0.111001	230.955	0.13774789		0.126015	-139226	-0.554457732		0.111001	1504.53	0.970670779		0.109	-0.000790307	0.000790307	0.081753077		0.106	306.309	0.100266972
0.112001	233.537	0.139287866		0.127016	-142272	-0.566588213		0.112001	1503.83	0.970219163		0.11	-0.000796918	0.000796918	0.08243695		0.107	306.322	0.100514874
0.113001	236.17	0.140858259		0.128016	-145277	-0.578555414		0.113001	1503.13	0.969767547		0.111	-0.000803749	0.000803749	0.083143581		0.108	306.336	0.100781846
0.114001	238.812	0.14243402		0.129017	-148239	-0.59035137		0.114001	1502.44	0.969322383		0.112	-0.000810827	0.000810827	0.083875763		0.109	306.35	0.101048818
0.115001	241.441	0.144002028		0.130018	-151158	-0.601976082		0.115001	1501.76	0.96888367		0.113	-0.000818169	0.000818169	0.084635254		0.110001	306.366	0.101353928
0.116001	244.063	0.14556586		0.131018	-154009	-0.613329988		0.116001	1501.09	0.968451409		0.114	-0.000825784	0.000825784	0.085422985		0.111001	306.382	0.101659039
0.117001	246.684	0.147129097		0.132019	-156609	-0.623684305		0.117001	1500.43	0.9680256		0.115	-0.000833644	0.000833644	0.086236061		0.112001	306.399	0.101983219
0.118001	249.288	0.148682194		0.13302	-158145	-0.629801317		0.118001	1499.79	0.967612694		0.116	-0.00084165	0.00084165	0.087064239		0.113001	306.417	0.102326468
0.119001	251.866	0.150219783		0.13402	-159191	-0.633966938		0.119001	1499.15	0.967199788		0.117	-0.000849623	0.000849623	0.087889004		0.114001	306.436	0.102688787
0.120001	254.431	0.15174962		0.135021	-161248	-0.642158795		0.120001	1498.53	0.966799786		0.118	-0.000857327	0.000857327	0.088685942		0.115001	306.454	0.103032037
0.121001	257.007	0.153286017		0.136022	-163707	-0.65195159		0.121001	1497.92	0.966406235		0.119	-0.000864513	0.000864513	0.089429296		0.116001	306.473	0.103394355
0.122001	259.612	0.15483971		0.137023	-166148	-0.6616727		0.122001	1497.33	0.966025587		0.12	-0.000870971	0.000870971	0.090097341		0.117001	306.491	0.103737605
0.123001	262.261	0.156419646		0.138023	-168512	-0.671087163		0.123001	1496.74	0.96564494		0.121	-0.000876568	0.000876568	0.090676322		0.118001	306.508	0.104061785
0.124001	264.965	0.158032386		0.139024	-170796	-0.680183032		0.124001	1496.16	0.965270744		0.122	-0.000881266	0.000881266	0.091162305		0.119001	306.523	0.104347826
0.125001	267.723	0.159677333		0.140025	-173010	-0.689000131		0.125001	1495.59	0.964902999		0.123	-0.000885125	0.000885125	0.091561498		0.120001	306.535	0.104576659
0.126001	270.517	0.161343751		0.141026	-175170	-0.697602179		0.126001	1495.03	0.964541707		0.124	-0.000888271	0.000888271	0.091886935		0.121001	306.545	0.104767353
0.127002	273.319	0.163014941		0.142027	-177280	-0.706005105		0.127002	1494.47	0.964180414		0.125	-0.000890863	0.000890863	0.092155064		0.122001	306.552	0.104900839
0.128002	276.114	0.164681955		0.143027	-179324	-0.714145191		0.128002	1493.91	0.963819121		0.126	-0.000893073	0.000893073	0.092383676		0.123001	306.557	0.104996186
0.129002	278.905	0.166346584		0.144028	-181284	-0.721950753		0.129002	1493.36	0.96346428		0.127	-0.000895077	0.000895077	0.09259098		0.124001	306.561	0.105072464
0.130002	281.705	0.168016581		0.145029	-183167	-0.729449668		0.130002	1492.82	0.963115891		0.128	-0.000897049	0.000897049	0.092794973		0.125001	306.564	0.105129672
0.131002	284.557	0.169717592		0.14603	-185014	-0.736805215		0.131002	1492.29	0.962773953		0.129	-0.000899154	0.000899154	0.093012724		0.126001	306.567	0.10518688
0.132002	287.594	0.171528942		0.147031	-186867	-0.744184657		0.132002	1491.75	0.962425564		0.13	-0.000901508	0.000901508	0.093256233		0.127002	306.57	0.105244088
0.133002	293.482	0.175040706		0.148032	-188751	-0.751687555		0.133002	1491.16	0.962044916		0.131	-0.000904365	0.000904365	0.093551774		0.128002	306.575	0.105339436
0.134002	298.146	0.177822444		0.149032	-190660	-0.759290012		0.134002	1490.67	0.961728785		0.132	-0.000907564	0.000907564	0.093882694		0.129002	306.581	0.105453852
0.135002	298.94	0.178296007		0.150033	-192567	-0.766884506		0.135002	1490.26	0.961464268		0.133	-0.000912262	0.000912262	0.094368677		0.130002	306.589	0.105606407
0.136002	300.691	0.179340351		0.151034	-194434	-0.774319701		0.136002	1489.83	0.961186846		0.134	-0.000914769	0.000914769	0.094628013		0.131002	306.599	0.105797101
0.137002	302.975	0.180702591		0.152035	-196229	-0.781468162		0.137002	1489.39	0.960902974		0.135	-0.000915499	0.000915499	0.094703527		0.132002	306.611	0.106025934
0.138002	305.54	0.182232428		0.153036	-197933	-0.788254222		0.138002	1488.94	0.960612649		0.136	-0.000917967	0.000917967	0.094958829		0.133002	306.629	0.106369184
0.139002	308.253	0.183850535		0.154037	-199547	-0.794681864		0.139002	1488.5	0.960328776		0.137	-0.00092024	0.00092024	0.095193959		0.134002	306.582	0.105472921
0.140002	311.033	0.185508603		0.155038	-201089	-0.80082277		0.140002	1488.06	0.960044904		0.138	-0.000922512	0.000922512	0.095428985		0.135002	306.584	0.10551106
0.141003	313.817	0.187169057		0.156039	-202583	-0.80677252		0.141003	1487.62	0.959761031		0.139	-0.000924766	0.000924766	0.09566215		0.136002	306.591	0.105644546
0.142003	316.567	0.188809233		0.15704	-204059	-0.812650586		0.142003	1487.19	0.95948361		0.14	-0.000926977	0.000926977	0.095890866		0.137002	306.598	0.105778032
0.143003	319.295	0.190436287		0.158041	-205533	-0.818520687		0.143003	1486.78	0.959219092		0.141	-0.00092916	0.00092916	0.096116686		0.138002	306.605	0.105911518
0.144003	322.041	0.192074076		0.159042	-207007	-0.824390788		0.144003	1486.37	0.958954574		0.142	-0.000931359	0.000931359	0.096344161		0.139002	306.612	0.106045004
0.145003	324.83	0.193737512		0.160043	-208471	-0.830221065		0.145003	1485.97	0.958696508		0.143	-0.000933633	0.000933633	0.096579394		0.140002	306.619	0.10617849
0.146003	327.643	0.195415263		0.161044	-209913	-0.835963728		0.146003	1485.58	0.958444893		0.144	-0.000936044	0.000936044	0.096828799		0.141003	306.626	0.106311976
0.147003	330.434	0.197079891		0.162045	-211328	-0.841598866		0.147003	1485.19	0.958193279		0.145	-0.000938646	0.000938646	0.097097962		0.142003	306.634	0.106464531
0.148003	333.155	0.19870277		0.163046	-212724	-0.847158337		0.148003	1484.8	0.957941664		0.146	-0.000941456	0.000941456	0.097388642		0.143003	306.642	0.106617086
0.149003	335.778	0.200267199		0.164047	-214106	-0.852662055		0.149003	1484.44	0.957709405		0.147	-0.000944445	0.000944445	0.097697838		0.144003	306.65	0.106769641
0.150003	338.302	0.201772582		0.165048	-215483	-0.85814586		0.150003	1484.1	0.957490048		0.148	-0.000947527	0.000947527	0.098016655		0.145003	306.659	0.106941266
0.151003	340.747	0.203230847		0.166049	-216862	-0.863637631		0.151003	1483.79	0.957290047		0.149	-0.000950585	0.000950585	0.098332989		0.146003	306.669	0.10713196
0.152003	343.148	0.204662869		0.16705	-218254	-0.869181173		0.152003	1483.5	0.957102949		0.15	-0.000953497	0.000953497	0.09863422		0.147003	306.678	0.107303585
0.153004	345.539	0.206088927		0.168051	-219665	-0.874800381		0.153004	1483.24	0.956935206		0.151	-0.000956167	0.000956167	0.098910417		0.148003	306.687	0.10747521
0.154004	347.945	0.207523932		0.169053	-221094	-0.880491273		0.154004	1483	0.956780366		0.152	-0.000958533	0.000958533	0.099155167		0.149003	306.695	0.107627765
0.155004	350.374	0.208972654		0.170054	-222519	-0.886166235		0.155004	1482.76	0.956625527		0.153	-0.000960578	0.000960578	0.099366711		0.150003	306.701	0.107742182
0.156004	352.824	0.210433901		0.171055	-223904	-0.891681899		0.156004	1482.53	0.956477139		0.154	-0.000962313	0.000962313	0.099546188		0.151003	306.705	0.107818459
0.157004	355.282	0.211899919		0.172056	-225221	-0.896926759		0.157004	1482.31	0.956335202		0.155	-0.000963767	0.000963767	0.099696597		0.152003	306.708	0.107875667
0.158004	357.729	0.213359377		0.173057	-226467	-0.901888866		0.158004	1482.09	0.956193266		0.156	-0.000964977	0.000964977	0.099821765		0.153004	306.709	0.107894737
0.159004	360.151	0.214803924		0.174059	-227668	-0.906671764		0.159004	1481.88	0.956057781		0.157	-0.000965982	0.000965982	0.099925727		0.154004	306.709	0.107894737
0.160004	362.546	0.216232368		0.17506	-228856	-0.91140289		0.160004	1481.68	0.955928748		0.158	-0.000966828	0.000966828	0.100013241		0.155004	306.708	0.107875667
0.161004	364.923	0.217650076		0.176061	-230055	-0.916177823		0.161004	1481.5	0.955812618		0.159	-0.000967563	0.000967563	0.100089273		0.156004	306.705	0.107818459
0.162004	367.292	0.219063013		0.177063	-231264	-0.920992581		0.162004	1481.32	0.955696488		0.16	-0.000968232	0.000968232	0.100158477		0.157004	306.702	0.107761251
0.163005	369.656	0.220472967		0.178064	-232463	-0.925767514		0.163005	1481.14	0.955580359		0.161	-0.000968876	0.000968876	0.100225096		0.158004	306.699	0.107704043
0.164005	372.012	0.22187815		0.179065	-233633	-0.930426956		0.164005	1480.98	0.955477132		0.162	-0.000969527	0.000969527	0.100292438		0.159004	306.696	0.107646834
0.165005	374.357	0.223276772		0.180067	-234761	-0.934919137		0.165005	1480.81	0.955367454		0.163	-0.000970207	0.000970207	0.100362781		0.160004	306.692	0.107570557
0.166005	376.682	0.224663466		0.181068	-235848	-0.939248038		0.166005	1480.65	0.955264228		0.164	-0.000970926	0.000970926	0.100437157		0.161004	306.689	0.107513349
0.167005	378.972	0.226029285		0.182069	-236903	-0.943449501		0.167005	1480.49	0.955161001		0.165	-0.000971689	0.000971689	0.100516086		0.162004	306.685	0.107437071
0.168005	381.209	0.227363493		0.183071	-237940	-0.94757928		0.168005	1480.34	0.955064226		0.166	-0.000972488	0.000972488	0.100598738		0.163005	306.682	0.107379863
0.169005	383.379	0.22865774		0.184072	-238972	-0.951689147		0.169005	1480.21	0.954980355		0.166	-0.000972488	0.000972488	0.100598738		0.164005	306.679	0.107322654
0.170005	385.482	0.229912027		0.185074	-240004	-0.955799015		0.170005	1480.09	0.954902935		0.167	-0.000973304	0.000973304	0.100683149		0.165005	306.676	0.107265446
0.171005	387.54	0.231139475		0.186075	-241035	-0.9599049		0.171005	1480	0.95484487		0.168	-0.000974104	0.000974104	0.100765905		0.166005	306.673	0.107208238
0.172006	389.58	0.232356186		0.187077	-242061	-0.963990872		0.172006	1479.93	0.954799708		0.169	-0.000974847	0.000974847	0.100842764		0.166005	306.673	0.107208238
0.173006	391.621	0.233573495		0.188079	-243081	-0.96805295		0.173006	1479.87	0.954760998		0.17	-0.000975508	0.000975508	0.100911141		0.167005	306.67	0.10715103
0.174006	393.663	0.2347914		0.18908	-244110	-0.97215087		0.174006	1479.81	0.954722289		0.171	-0.000976088	0.000976088	0.100971139		0.168005	306.667	0.107093822
0.175006	395.691	0.236000954		0.190082	-245177	-0.976400123		0.175006	1479.75	0.954683579		0.172	-0.000976621	0.000976621	0.101026275		0.169005	306.663	0.107017544
0.176006	397.688	0.23719202		0.191083	-246308	-0.98090425		0.176006	1479.69	0.954644869		0.173	-0.00097716	0.00097716	0.101082032		0.170005	306.659	0.106941266
0.177006	399.644	0.238358632		0.192085	-247514	-0.98570706		0.177006	1479.63	0.954606159		0.174	-0.000977754	0.000977754	0.101143478		0.171005	306.656	0.106884058
0.178006	401.562	0.23950258		0.193087	-248778	-0.990740851		0.178006	1479.59	0.954580352		0.175	-0.000978434	0.000978434	0.10121382		0.172006	306.652	0.10680778
0.179007	403.449	0.240628038		0.194089	-250050	-0.995806502		0.179007	1479.56	0.954560997		0.176	-0.000979207	0.000979207	0.101293783		0.173006	306.649	0.106750572
0.180007	405.318	0.241742761		0.19509	-251103	-1		0.180007	1479.54	0.954548094		0.177	-0.000980058	0.000980058	0.101381814		0.174006	306.647	0.106712433
0.181007	407.174	0.24284973		0.196092	-250981	-0.999514144		0.181007	1479.53	0.954541642		0.178	-0.000980962	0.000980962	0.101475328		0.175006	306.645	0.106674294
0.182007	409.02	0.243950735		0.197094	-245756	-0.978705949		0.182007	1479.53	0.954541642		0.179	-0.0009819	0.0009819	0.10157236		0.176006	306.644	0.106655225
0.183007	410.855	0.245045179		0.198096	-236756	-0.942864084		0.183007	1479.53	0.954541642		0.18	-0.00098286	0.00098286	0.101671666		0.177006	306.643	0.106636156
0.184007	412.905	0.246267856		0.199098	-237293	-0.945002648		0.184007	1479.52	0.954535191		0.181	-0.00098384	0.00098384	0.101773042		0.178006	306.642	0.106617086
0.185007	415.221	0.247649181						0.185007	1479.52	0.954535191		0.182	-0.000984839	0.000984839	0.101876384		0.179007	306.641	0.106598017
0.186008	417.579	0.249055557						0.186008	1479.51	0.954528739		0.183	-0.00098585	0.00098585	0.101980966		0.180007	306.641	0.106598017
0.187008	419.936	0.250461337						0.187008	1479.5	0.954522287		0.184	-0.000986864	0.000986864	0.102085859		0.181007	306.64	0.106578947
0.188008	422.306	0.25187487						0.188008	1479.49	0.954515836		0.185	-0.00098787	0.00098787	0.102189924		0.182007	306.639	0.106559878
0.189008	424.705	0.253305699						0.189008	1479.46	0.954496481		0.186	-0.000988855	0.000988855	0.102291818		0.183007	306.639	0.106559878
0.190008	427.134	0.254754421						0.190008	1479.42	0.954470674		0.187	-0.000989809	0.000989809	0.102390504		0.184007	306.638	0.106540809
0.191008	429.582	0.256214475						0.191008	1479.36	0.954431964		0.188	-0.000990725	0.000990725	0.102485259		0.185007	306.637	0.106521739
0.192008	432.04	0.257680494						0.192008	1479.27	0.954373899		0.189	-0.000991595	0.000991595	0.102575256		0.186008	306.635	0.1064836
0.193009	434.536	0.259169177						0.193009	1479.16	0.954302931		0.19	-0.000992414	0.000992414	0.102659977		0.187008	306.633	0.106445461
0.194009	437.231	0.260776548						0.194009	1478.95	0.954167446		0.191	-0.000993192	0.000993192	0.102740457		0.188008	306.631	0.106407323
0.195009	440.532	0.262745355						0.195009	1478.56	0.953915832		0.192	-0.000993985	0.000993985	0.102822489		0.189008	306.628	0.106350114
0.196009	445.351	0.265619539						0.196009	1477.7	0.953360989		0.193	-0.000994945	0.000994945	0.102921796		0.190008	306.625	0.106292906
0.197009	453.043	0.270207259						0.197009	1476.54	0.952612598		0.194	-0.000996437	0.000996437	0.103076135		0.191008	306.621	0.106216629
0.19801	464.245	0.276888438						0.19801	1474.55	0.951328718		0.195	-0.000999248	0.000999248	0.103366918		0.192008	306.616	0.106121281
0.19901	475.663	0.283698446						0.19901	1468.61	0.947496435		0.196	-0.00100556	0.00100556	0.104019861		0.193009	306.609	0.105987796
												0.197	-0.0010196	0.0010196	0.105472225		0.194009	306.599	0.105797101
												0.198	-0.00104408	0.00104408	0.108004552		0.195009	306.585	0.10553013
												0.199	-0.00109906	0.00109906	0.113691942		0.196009	306.568	0.10520595
																	0.197009	306.559	0.105034325
																	0.19801	306.538	0.104633867
																	0.19901	306.286	0.099828375
																	0.2	307.282	0.11882151
