"((xy/key/label ""x0.01"")"	Column1	"((xy/key/label ""x0.02"")"	Column1	"((xy/key/label ""x0.03"")"	Column1	"((xy/key/label ""x0.04"")"	Column1	"((xy/key/label ""x0.05"")"	Column1	"((xy/key/label ""x0.06"")"	Column1	"((xy/key/label ""x0.07"")"	Column1	"((xy/key/label ""x0.08"")"	Column1	"((xy/key/label ""x0.09"")"	Column1	"((xy/key/label ""x0.1"")"	Column1
1421.99	0.1	1558.12	0.1	1527.22	0.1	1515.37	0.1	1512.8	0.1	1511.9	0.1	1508.84	0.1	1505.62	0.1	1500.98	0.1	1497.48	0.1
1277.74	0.100225	1552.3	0.100225	1516.97	0.100225	1504.37	0.100225	1506.24	0.100225	1510.72	0.100225	1510.74	0.100222	1506.6	0.100224	1497.24	0.100225	1483.94	0.100225
1140.02	0.100453	1552.08	0.100453	1517.59	0.100453	1506.11	0.100453	1509.09	0.100453	1512.89	0.100453	1510.55	0.100446	1502.47	0.10045	1488.59	0.100452	1469.79	0.100453
1012.67	0.100685	1554.1	0.100684	1519.96	0.100684	1508.08	0.100684	1510.46	0.100684	1513.25	0.100683	1509.44	0.100673	1499.6	0.100679	1483.67	0.100682	1462.73	0.100683
908.881	0.100919	1556.34	0.100919	1522.37	0.100918	1510.07	0.100917	1511.69	0.100917	1513.19	0.100917	1507.58	0.100902	1495.65	0.100911	1477.39	0.100915	1454.27	0.100916
826.958	0.101157	1558.21	0.101156	1524.61	0.101155	1511.86	0.101154	1512.49	0.101153	1512.22	0.101153	1504.71	0.101135	1490.31	0.101145	1469.37	0.10115	1443.87	0.101151
804.839	0.101247	1557.91	0.101396	1526.52	0.101395	1513.22	0.101393	1512.58	0.101392	1510.03	0.101391	1500.48	0.10137	1483.15	0.101382	1459.14	0.101388	1431.05	0.101389
770.198	0.101398	1553.88	0.101532	1527.86	0.101637	1513.9	0.101636	1511.59	0.101634	1506.43	0.101633	1494.41	0.101607	1473.59	0.101621	1445.98	0.101628	1415.08	0.10163
730.437	0.101643	1550.78	0.10164	1528.19	0.101883	1513.47	0.101881	1509.04	0.101879	1500.77	0.101877	1485.76	0.101848	1460.59	0.101863	1428.67	0.101871	1394.67	0.101873
702.227	0.10189	1529.39	0.101887	1528.07	0.101898	1511.31	0.102129	1504.21	0.102127	1492	0.102125	1473.29	0.102091	1442.75	0.102109	1405.87	0.102117	1368.63	0.102119
683.135	0.102142	1489.95	0.102137	1526.26	0.102133	1506.28	0.102381	1495.79	0.102378	1478.76	0.102375	1455.75	0.102337	1419.08	0.102357	1377.07	0.102366	1336.73	0.102368
669.794	0.102397	1431.21	0.10239	1520.38	0.102385	1505.97	0.102389	1482.29	0.102632	1459.99	0.102628	1432.47	0.102586	1389.38	0.102607	1342.47	0.102618	1299.37	0.10262
665.073	0.102545	1355.45	0.102647	1507.95	0.102641	1496.61	0.102636	1462.55	0.102889	1435.11	0.102885	1403.16	0.102838	1353.66	0.102861	1302.26	0.102872	1256.89	0.102874
662.385	0.102655	1267.63	0.102907	1485.33	0.1029	1480.24	0.102894	1442.97	0.10308	1403.89	0.103144	1367.6	0.103093	1312.05	0.103118	1256.63	0.10313	1209.6	0.103132
659.31	0.102917	1190.42	0.103128	1450.5	0.103162	1455.58	0.103155	1435.93	0.103149	1366.34	0.103407	1325.71	0.103351	1264.98	0.103377	1205.96	0.10339	1158.3	0.103392
657.77	0.103182	1174.94	0.103171	1404.08	0.103428	1422.16	0.103419	1402.34	0.103412	1322.77	0.103672	1277.77	0.103612	1213.26	0.10364	1151.09	0.103653	1104.58	0.103655
657.337	0.103452	1086.27	0.103438	1347.78	0.103697	1381.04	0.103687	1402.34	0.103412	1273.54	0.103941	1224.63	0.103876	1157.73	0.103906	1093.48	0.10392	1050.63	0.103922
658.135	0.103725	1010.3	0.103709	1302.99	0.103881	1334.49	0.103958	1362.43	0.103679	1236.51	0.104125	1167.59	0.104143	1098.96	0.104174	1035.12	0.104189	998.388	0.104191
658.939	0.103897	949.429	0.103984	1281.59	0.103969	1284.1	0.104232	1317.47	0.103949	1218.68	0.104213	1107.35	0.104415	1037.18	0.104446	977.953	0.104461	948.32	0.104463
659.647	0.104002	902.159	0.104262	1204.8	0.104245	1229.87	0.10451	1268.68	0.104222	1157.58	0.104488	1044.08	0.10469	973.577	0.104721	923.457	0.104737	899.922	0.104739
661.257	0.104283	865.151	0.104544	1120.75	0.104525	1171.98	0.104792	1215.11	0.104498	1089.27	0.104767	981.038	0.104966	917.691	0.105	877.064	0.105016	857.85	0.105017
662.771	0.104568	838.027	0.104791	1038.26	0.104809	1144.63	0.104894	1151.76	0.104778	1019.69	0.105049	940.433	0.105198	772.477	0.106225	807.815	0.105656	760.5	0.1061
664.569	0.104857	833.57	0.10483	965.191	0.105096	1095.11	0.105077	1077.13	0.105062	987.384	0.105223	839.188	0.105797	769.838	0.106246	772.921	0.105986	758.418	0.106124
667.792	0.10515	805.127	0.10512	841.926	0.105865	1079.5	0.10515	982.197	0.10552	837.454	0.106112	761.365	0.106541	769.034	0.106258	709.74	0.107083	756.593	0.106164
673.183	0.105756	728.556	0.105874	817.878	0.106014	831.76	0.106323	982.197	0.10552	768.765	0.106747	745.075	0.106714	684.005	0.107658	699.585	0.107258	683.915	0.107761
673.879	0.105861	714.224	0.10604	771.314	0.106616	760.55	0.107112	859.709	0.106147	700.1	0.107651	735.093	0.106893	664.037	0.108233	698.225	0.107287	652.639	0.109237
680.853	0.107054	686.655	0.106353	729.469	0.107152	700.812	0.107811	753.289	0.107083	659.719	0.108461	682.103	0.107757	635.665	0.109185	687.246	0.107684	649.763	0.109375
680.909	0.107061	611.376	0.107254	725.654	0.107212	662.975	0.108881	710.178	0.107591	629.694	0.109456	654.541	0.108563	620.8	0.109974	641.797	0.109294	648.034	0.109521
681.248	0.107092	599.214	0.107621	722.595	0.107291	645.405	0.109375	710.178	0.107591	611.229	0.11023	633	0.109219	613.879	0.110388	639.338	0.109397	631.136	0.110938
697.435	0.108538	574.534	0.108187	676.866	0.10839	640.086	0.109688	664.239	0.108512	596.672	0.11111	604.063	0.110694	604.399	0.1111	636.859	0.109574	619.088	0.112311
702.584	0.108973	576.831	0.10934	659.983	0.10902	618.978	0.110938	643.755	0.109131	594.548	0.111259	603.306	0.11073	592.099	0.11237	617.479	0.110937	617.452	0.1125
718.1	0.110086	577.698	0.109518	648.312	0.109375	604.072	0.112456	621.986	0.109969	584.778	0.112332	602.297	0.11081	587.259	0.112865	612.407	0.111474	616.156	0.112693
721.794	0.1103	580.01	0.109674	630.507	0.109931	603.567	0.1125	598.531	0.111647	580.595	0.113632	588.229	0.111973	580.963	0.114037	602.547	0.1125	607.193	0.114008
731.635	0.110791	601.557	0.111027	599.101	0.110938	602.716	0.112583	596.273	0.111824	579.575	0.114675	582.141	0.112844	577.887	0.114584	595.616	0.113446	602.199	0.114773
751.824	0.111791	614.822	0.111882	573.2	0.112435	579.917	0.114931	595.545	0.112021	584.149	0.116507	575.681	0.113779	577.033	0.114935	591.104	0.114062	595.202	0.11606
763.113	0.112305	635.024	0.113239	572.241	0.1125	578.229	0.116948	589.799	0.113346	585.774	0.11704	573.599	0.11461	575.079	0.116637	584.244	0.115369	591.828	0.116667
797.365	0.113898	648.302	0.114113	572.915	0.112598	577.821	0.117252	589.79	0.114013	589.579	0.11889	573.073	0.114863	578.15	0.118013	582.859	0.115625	588.707	0.117459
811.074	0.114518	656.099	0.114587	584.23	0.114884	580.637	0.117544	588.991	0.115194	590.621	0.119413	574.008	0.115495	580.843	0.118878	582.111	0.115851	584.054	0.11875
815.507	0.114725	686.722	0.116281	597.186	0.115829	597.223	0.11912	586.614	0.116741	591.004	0.119643	576.239	0.116758	588.006	0.120442	578.491	0.117188	583.291	0.119721
844.933	0.116057	694.915	0.116734	604.229	0.116281	619.669	0.120663	584.788	0.11742	595.38	0.121979	580.401	0.11767	590.485	0.120995	578.381	0.117953	582.796	0.120411
861.465	0.116852	696.41	0.116811	612.772	0.116806	625.84	0.121092	584.451	0.117765	605.733	0.1238	584.434	0.118544	592.146	0.121377	578.812	0.11875	589.316	0.123005
890.937	0.118331	698.196	0.116899	635.169	0.118161	638.881	0.12199	589.052	0.119495	610.09	0.12454	586.614	0.119019	599.096	0.123047	581.957	0.120055	589.51	0.123074
910.077	0.119435	727.794	0.118327	655.889	0.119418	660.275	0.123444	590.672	0.120314	615.036	0.125036	592.539	0.120631	604.857	0.124917	583.279	0.120465	595.958	0.12465
941.423	0.121371	765.709	0.120269	662.844	0.119823	676.504	0.124572	592.098	0.120553	641.577	0.127889	597.549	0.121875	605.126	0.125	589.727	0.122129	602.377	0.126339
955.435	0.122341	770.307	0.120507	676.999	0.120663	697.447	0.126086	615.693	0.12299	647.896	0.12851	599.335	0.122589	605.532	0.125139	591.805	0.122638	608.863	0.12818
989.728	0.125202	780.597	0.121079	698.308	0.121921	711.519	0.127127	625.233	0.123863	679.914	0.131903	602.825	0.123832	613.212	0.127801	599.786	0.124576	614.274	0.13005
992.202	0.125478	818.172	0.123122	720.076	0.123285	736.191	0.12915	635.602	0.124699	684.871	0.132445	606.478	0.125	616.995	0.128778	602.359	0.125205	617.425	0.131216
1020.47	0.128406	833.33	0.124088	744.974	0.12479	736.191	0.12915	660.982	0.126786	706.839	0.135077	618.64	0.127401	632.058	0.131863	604.797	0.126011	621.564	0.132642
1022.08	0.128625	853.76	0.125366	762.799	0.12601	736.355	0.129163	664.774	0.127097	717.76	0.136396	620.504	0.127804	633.694	0.132149	611.434	0.128196	628.002	0.134498
1039.78	0.130874	886.662	0.127998	793.013	0.128137	736.508	0.129177	701.712	0.130429	737.682	0.138897	623.205	0.128214	637.916	0.132743	612.917	0.128703	636.736	0.136737
1040.42	0.130977	890.872	0.128322	816.279	0.130032	736.896	0.129213	706.258	0.130837	749.714	0.140375	637.378	0.130208	655.737	0.135361	620.153	0.13104	641.604	0.137732
1056.79	0.133261	900.621	0.129227	833.789	0.131632	786.552	0.133781	712.289	0.131459	778.468	0.144084	647.736	0.131478	663.293	0.13643	626.401	0.132457	645.839	0.138585
1057.08	0.133328	913.282	0.130375	838.599	0.132096	803.462	0.135526	731.326	0.133437	784.314	0.144861	656.043	0.132523	684.966	0.139404	632.912	0.133907	659.689	0.141006
1060.66	0.133982	928.201	0.131741	861.359	0.134294	811.388	0.136333	740.642	0.134493	815.175	0.14927	671.744	0.134419	690.507	0.140191	641.217	0.135589	666.963	0.142385
1080.86	0.137585	935.965	0.132447	887.378	0.137111	826.88	0.138057	762.128	0.136843	815.667	0.149347	672.915	0.134559	715.035	0.143761	654.258	0.13772	676.72	0.144092
1084.42	0.138272	951.666	0.13416	897.176	0.138159	840.136	0.1395	797.018	0.140934	818.322	0.149789	688.36	0.136546	715.534	0.143837	669.37	0.140123	679.102	0.144494
1090.91	0.140358	970.427	0.136153	901.378	0.138602	844.929	0.140088	798.247	0.141074	838.431	0.153109	694.799	0.137384	717.869	0.1442	669.948	0.140208	681.093	0.144839
1096.14	0.142358	982.47	0.137809	905.355	0.139092	860.023	0.141897	798.783	0.141141	841.194	0.153588	718.684	0.140568	739.202	0.147483	694.578	0.143984	698.657	0.147902
1100.42	0.144381	1008.7	0.141801	928.682	0.141861	875.194	0.143953	800.319	0.141342	843.365	0.154023	728.97	0.141957	743.496	0.148166	698.63	0.144608	713.192	0.150708
1101.7	0.145353	1012.82	0.14265	952.517	0.145486	886.346	0.145553	831.032	0.145228	866.55	0.158535	747.778	0.144591	764.886	0.151863	712.862	0.146958	718.673	0.151796
1106.74	0.148121	1021.71	0.144848	974.735	0.149814	907.786	0.148878	843.897	0.147062	873.43	0.160173	762.876	0.146753	781.384	0.154977	712.945	0.146972	742.636	0.156983
1109.71	0.149639	1034.63	0.147796	989.27	0.153272	918.669	0.15078	865.891	0.15046	882.171	0.162308	776.578	0.148802	796.011	0.157988	739.446	0.151783	747.657	0.158119
1111	0.150255	1036.67	0.148367	994.624	0.154625	937.523	0.154443	874.334	0.151954	889.151	0.164255	794.518	0.151724	815.006	0.16236	748.076	0.153462	753.094	0.159446
1121.52	0.156209	1047.57	0.152326	996.518	0.15522	946.424	0.156536	888.446	0.15449	889.164	0.164259	802.628	0.153106	819.566	0.163436	769.028	0.157957	768.551	0.163231
1123.45	0.157037	1053.23	0.154273	1013.85	0.160425	962.33	0.160409	898.55	0.156652	889.182	0.164264	821.682	0.15678	825.143	0.164903	774.59	0.159143	779.383	0.166058
1135.7	0.163945	1060.65	0.156932	1014.58	0.160653	974.58	0.163859	908.893	0.158854	903.219	0.168	826.901	0.157859	835.365	0.16756	776.245	0.159548	786.278	0.168
1138.63	0.16538	1067.47	0.159096	1020.75	0.162615	982.261	0.165941	913.85	0.160092			845.938	0.162431	837.008	0.168	787.979	0.162337		
1140.56	0.166279	1078.01	0.162904	1031.29	0.165916	988.919	0.168	923.073	0.162435			852.516	0.16398			793.726	0.163826		
1142.22	0.168	1082.76	0.164536	1037.55	0.168			931.004	0.164547			854.277	0.164438			809.092	0.167781		
		1090.52	0.168	1033.16	0.166497			936.747	0.166028			867.583	0.168			809.958	0.168		
				1031.29	0.165916			942.858	0.167748										
								943.788	0.168										
