(title "Density")
(labels "Position" "Density")

((xy/key/label "bow_normal")
-0.103096	1.92434
-0.100947	1.98099
-0.0968843	2.13312
-0.0952144	2.13458
-0.0898939	2.14532
-0.0884269	2.14953
-0.0828378	2.16327
-0.0800951	2.1703
-0.0762339	2.17936
-0.0718772	2.18861
-0.0691686	2.19433
-0.0670581	2.19843
-0.0651788	2.20206
-0.0615258	2.20874
-0.060984	2.20967
-0.0547805	2.21963
-0.0546459	2.21983
-0.0514555	2.22445
-0.0483049	2.22858
-0.0481568	2.22877
-0.0479599	2.22899
-0.0441777	2.23342
-0.0418529	2.23588
-0.0404733	2.23729
-0.0389273	2.23867
-0.0367871	2.24062
-0.0354551	2.24169
-0.034149	2.24271
-0.0319749	2.24422
-0.0307874	2.24505
-0.0304397	2.24528
-0.0287646	2.24625
-0.0281653	2.24659
-0.0267113	2.24734
-0.0254526	2.24797
-0.0235753	2.24886
-0.0218804	2.2496
-0.0205565	2.25012
-0.0186062	2.25082
-0.0182715	2.25093
-0.0169975	2.25133
-0.0163912	2.2515
-0.0151869	2.25185
-0.0143822	2.25206
-0.0134151	2.25231
-0.0119231	2.25267
-0.011645	2.25273
-0.0109371	2.25289
-0.0098362	2.25313
-0.00909693	2.25327
-0.00810871	2.25346
-0.00684062	2.25368
-0.00643129	2.25375
-0.00627763	2.25377
-0.0050173	2.25395
-0.00473872	2.25399
-0.00446328	2.25403
-0.00419094	2.25406
-0.00392167	2.25409
-0.00365542	2.25412
-0.00339215	2.25416
-0.00313183	2.25419
-0.00287442	2.25423
-0.00261989	2.25426
-0.0023682	2.2543
-0.00211932	2.25433
-0.0018732	2.25437
-0.00162982	2.25441
-0.00138914	2.25446
-0.00115113	2.25453
-0.000915763	2.25463
-0.000682995	2.25472
-0.0004528	2.25477
-0.000225145	2.25458
-1.94289e-16	2.25441
-0.103096	1.92434
-0.104973	1.47233
-0.106672	1.03297
-0.106672	1.03297
-0.108314	0.538575
-0.108342	0.5325
-0.10837	0.529076
-0.110012	0.435368
-0.11142	0.426472
-0.111855	0.427433
-0.112604	0.418994
-0.117626	0.41798
-0.125988	0.418068
-0.1273	0.418083
-0.127832	0.41808
-0.138192	0.418055
-0.141522	0.418056
-0.150403	0.418057
-0.158227	0.418057
-0.160669	0.418057
-0.169744	0.418057
-0.176153	0.418057
-0.182512	0.418057
-0.193131	0.418057
-0.197902	0.418057
-0.2	0.418057
-0.114335	0.416579
-0.117626	0.41798
-0.113699	0.416274
-0.112604	0.418994
)
