(title "Sound Speed")
(labels "Sound Speed" "Position")

((xy/key/label "boundary_layer")
1220.34	0.1
1216.72	0.100225
1212.62	0.100453
1211.8	0.100683
1211.12	0.100916
1210.55	0.101151
1210.09	0.101389
1209.74	0.10163
1209.5	0.101873
1209.4	0.102119
1209.46	0.102368
1209.7	0.10262
1210.16	0.102874
1210.87	0.103132
1211.89	0.103392
1213.27	0.103655
1215.07	0.103922
1217.36	0.104191
1220.22	0.104463
1223.72	0.104739
1227.96	0.105017
1254.57	0.1061
1255.16	0.106124
1256.88	0.106164
1323.9	0.107761
1414.55	0.109237
1422.93	0.109375
1431.8	0.109521
1518.96	0.110938
1570.3	0.112311
1576.68	0.1125
1572.8	0.112693
1547.89	0.114008
1530.21	0.114773
1458.3	0.11606
1425.04	0.116667
1360.07	0.117459
1255.49	0.11875
1166.08	0.119721
1103.69	0.120411
887.933	0.123005
882.768	0.123074
779.098	0.12465
688.446	0.126339
608.591	0.128
)
