(title "Static Pressure")
(labels "Position" "Static Pressure")

((xy/key/label "bow_normal")
-0.103096	799751
-0.100947	828117
-0.0968843	904010
-0.0952144	905800
-0.0898939	912944
-0.0884269	915446
-0.0828378	923604
-0.0800951	927794
-0.0762339	933128
-0.0718772	938724
-0.0691686	942113
-0.0670581	944573
-0.0651788	946693
-0.0615258	950711
-0.060984	951270
-0.0547805	957274
-0.0546459	957397
-0.0514555	960130
-0.0483049	962660
-0.0481568	962774
-0.0479599	962913
-0.0441777	965564
-0.0418529	967077
-0.0404733	967927
-0.0389273	968788
-0.0367871	969971
-0.0354551	970646
-0.034149	971259
-0.0319749	972208
-0.0307874	972724
-0.0304397	972870
-0.0287646	973492
-0.0281653	973708
-0.0267113	974183
-0.0254526	974587
-0.0235753	975136
-0.0218804	975598
-0.0205565	975926
-0.0186062	976377
-0.0182715	976449
-0.0169975	976701
-0.0163912	976812
-0.0151869	977028
-0.0143822	977157
-0.0134151	977310
-0.0119231	977521
-0.011645	977560
-0.0109371	977647
-0.0098362	977781
-0.00909693	977859
-0.00810871	977962
-0.00684062	978074
-0.00643129	978110
-0.00627763	978122
-0.0050173	978213
-0.00473872	978231
-0.00446328	978246
-0.00419094	978260
-0.00392167	978273
-0.00365542	978285
-0.00339215	978296
-0.00313183	978306
-0.00287442	978315
-0.00261989	978323
-0.0023682	978331
-0.00211932	978337
-0.0018732	978343
-0.00162982	978348
-0.00138914	978352
-0.00115113	978356
-0.000915763	978358
-0.000682995	978361
-0.0004528	978362
-0.000225145	978362
-1.94289e-16	978361
-0.103096	799751
-0.104973	568846
-0.106672	344249
-0.106672	344249
-0.108314	90164.8
-0.108342	87043
-0.10837	85305.5
-0.110012	39105.1
-0.11142	34875.4
-0.111855	35484.3
-0.112604	31320.5
-0.117626	29945.3
-0.125988	29996.7
-0.1273	30006
-0.127832	30005.6
-0.138192	29999.6
-0.141522	29999.8
-0.150403	30000
-0.158227	30000
-0.160669	30000
-0.169744	30000
-0.176153	30000
-0.182512	30000
-0.193131	30000
-0.197902	30000
-0.2	30000
-0.114335	29978.1
-0.117626	29945.3
-0.113699	29968.3
-0.112604	31320.5
)
