(title "Static Temperature")
(labels "Position" "Static Temperature")

((xy/key/label "boundary_layer_determination")
0.0472874	1396.46
0.046242	1402.05
0.045196	1408.33
0.0441495	1413.93
0.0431022	1418.17
0.0420543	1421.28
0.0410058	1425.76
0.0399565	1429.68
0.0389066	1431.57
0.0378559	1432.24
0.0368046	1433.95
0.0357524	1431.88
0.0346996	1429.82
0.0336459	1422.87
0.0325914	1413.52
0.0315362	1400.04
0.0304801	1385.6
0.0294231	1369.05
0.0283653	1342.38
0.0273066	1304.79
0.026247	1260.87
0.0251864	1210.78
0.024125	1155.25
0.0230625	1104.46
0.021999	1057.32
0.0209345	1010
0.019869	968.8
0.0188024	926.539
0.0177347	870.003
0.0166658	797.981
0.0155958	721.399
0.0145247	659.419
0.0134523	629.023
0.0123788	626.295
0.011304	640.39
0.0102281	662.618
0.00915048	685.833
0.00807146	709.858
0.00699102	734.891
0.00590913	759.77
0.00482572	783.685
0.00374071	808.593
0.00324086	821.352
0.0026909	836.802
0.00252475	842.399
0.00163581	872.223
0.00117751	892.336
0.000447552	930.105
0.000143713	947.063
6.11074e-12	956.19
0.2	916.713
0.199912	917.252
0.199195	928.089
0.198669	921.52
0.198215	923.281
0.19739	922.902
0.197277	923.424
0.196759	922.314
0.196259	922.578
0.195174	922.217
0.194091	921.276
0.193009	919.929
0.191929	918.547
0.19085	917.562
0.189772	916.26
0.188696	914.531
0.187621	913.983
0.186548	913.004
0.185475	912.068
0.184404	910.778
0.183334	910.285
0.182265	909.425
0.181198	908.571
0.180131	907.904
0.179065	907.197
0.178001	906.554
0.176937	905.619
0.175875	904.694
0.174814	903.801
0.173753	903.183
0.172693	902.545
0.171635	901.641
0.170577	900.677
0.16952	899.821
0.168464	898.889
0.167409	897.821
0.166354	896.989
0.1653	895.663
0.164248	894.115
0.163195	893.662
0.162144	893.091
0.161093	891.953
0.160043	890.446
0.158994	890.169
0.157946	889.112
0.156898	888.586
0.155851	888.151
0.154804	887.445
0.153758	886.656
0.152713	886.23
0.151668	886.078
0.150624	885.552
0.14958	885.358
0.148537	885.13
0.147495	884.72
0.146453	884.734
0.145411	885.152
0.144371	884.927
0.14333	884.656
0.142291	884.436
0.141251	882.747
0.140212	882.612
0.139174	883.89
0.138136	883.942
0.137099	883.787
0.136062	884.037
0.135025	884.193
0.133989	884.362
0.132954	884.821
0.131918	885.186
0.131784	885.236
0.130888	886.65
0.130857	886.764
0.129841	888.236
0.128835	888.735
0.128794	888.356
0.127796	888.666
0.127765	888.816
0.126757	889.345
0.126731	889.281
0.125723	889.892
0.125697	890.053
0.124682	890.842
0.12366	891.706
0.123644	891.614
0.122623	892.294
0.122613	892.36
0.121588	893.003
0.121579	892.94
0.120556	893.514
0.119812	894.741
0.119526	895.243
0.118496	897.007
0.117466	899.022
0.116436	901.076
0.115406	903.009
0.114377	904.728
0.113349	906.96
0.11232	908.963
0.111292	912.436
0.110264	916.043
0.109237	919.799
0.108209	923.529
0.107182	927.213
0.106156	932.183
0.105129	938.111
0.104103	943.133
0.103077	948.507
0.102051	953.735
0.101026	958.565
0.1	964.632
0.0989745	969.383
0.0979489	975.762
0.0969231	981.517
0.0958971	987.709
0.0948709	994.551
0.0938444	1000.9
0.0928177	1006.2
0.0917907	1012.42
0.0907634	1018.37
0.0897359	1024.69
0.088708	1030.38
0.0876799	1037.55
0.0866514	1044.63
0.0856226	1051.71
0.0845936	1058.95
0.0835642	1068.29
0.0825345	1078.36
0.0815044	1089.53
0.0804741	1100.54
0.0801879	1103.47
0.080474	1100.38
0.0794444	1111.21
0.0794422	1111.23
0.0784126	1121.8
0.0784043	1121.71
0.0773821	1131.9
0.0763709	1145.27
0.0763518	1145.81
0.0763407	1145.6
0.0753288	1155.03
0.0753141	1155.51
0.0742955	1167.41
0.0742743	1167.17
0.0732697	1180.51
0.0732455	1180.89
0.0722466	1189.13
0.0722178	1189.85
0.0712069	1199.5
0.0711717	1199.29
0.0701737	1211.53
0.0701331	1211.89
0.0691383	1222.16
0.0691068	1222.8
0.0682744	1230.78
0.0680817	1232.78
0.0670465	1243.74
0.0660108	1255.22
0.0649747	1264.65
0.0639382	1274.12
0.0629012	1285.63
0.0618638	1297.3
0.060826	1306.93
0.0597876	1315.25
0.0587488	1324.2
0.0577095	1333.75
0.0566697	1342.11
0.0556294	1349.82
0.0545885	1357.36
0.0535472	1365.61
0.0525053	1372.22
0.0514628	1378.53
0.0504198	1384.96
0.0493763	1389.89
0.0483321	1392.68
0.0472874	1396.46
)
