(title "Static Temperature")
(labels "Position" "Static Temperature")

((xy/key/label "boundary_layer_determination")
0.0599975	1538.32
0.0589974	1538.92
0.0579974	1539.55
0.0569973	1540.18
0.0559972	1540.81
0.0549971	1541.48
0.053997	1542.18
0.0529969	1542.91
0.0519969	1543.7
0.0509968	1544.56
0.0499967	1545.5
0.0489966	1546.53
0.0479965	1547.62
0.0469964	1548.77
0.0459963	1549.99
0.0449962	1551.31
0.0439961	1552.72
0.042996	1554.18
0.0419959	1555.69
0.0409958	1557.26
0.0399957	1558.96
0.0389956	1560.73
0.0379955	1562.55
0.0369954	1564.55
0.0359953	1566.71
0.0349952	1568.98
0.0339951	1571.39
0.032995	1573.94
0.0319949	1576.58
0.0309948	1579.34
0.0299946	1582.26
0.0289945	1585.37
0.0279944	1588.7
0.0269943	1592.25
0.0259942	1596.06
0.024994	1600.12
0.0239939	1604.5
0.0229938	1609.18
0.0219936	1614.06
0.0209935	1618.91
0.0199934	1623.32
0.0189932	1626.84
0.0179931	1629.17
0.0169929	1630.56
0.0159928	1631.57
0.0149926	1633.99
0.0139925	1644.92
0.0129923	1589.2
0.0119922	1506.45
0.010992	1463.41
0.00999185	1397.06
0.00899168	1336.93
0.00799151	1316.87
0.00699134	1317.51
0.00599116	1317.17
0.00499098	1310.75
0.0039908	1305.47
0.00299062	1315.7
0.00199043	1341.66
0.000990232	1346.83
-4.50774e-11	1399.21
0.2	1390.48
0.19901	1468.61
0.19801	1474.55
0.197009	1476.54
0.196009	1477.7
0.195009	1478.56
0.194009	1478.95
0.193009	1479.16
0.192008	1479.27
0.191008	1479.36
0.190008	1479.42
0.189008	1479.46
0.188008	1479.49
0.187008	1479.5
0.186008	1479.51
0.185007	1479.52
0.184007	1479.52
0.183007	1479.53
0.182007	1479.53
0.181007	1479.53
0.180007	1479.54
0.179007	1479.56
0.178006	1479.59
0.177006	1479.63
0.176006	1479.69
0.175006	1479.75
0.174006	1479.81
0.173006	1479.87
0.172006	1479.93
0.171005	1480
0.170005	1480.09
0.169005	1480.21
0.168005	1480.34
0.167005	1480.49
0.166005	1480.65
0.165005	1480.81
0.164005	1480.98
0.163005	1481.14
0.162004	1481.32
0.161004	1481.5
0.160004	1481.68
0.159004	1481.88
0.158004	1482.09
0.157004	1482.31
0.156004	1482.53
0.155004	1482.76
0.154004	1483
0.153004	1483.24
0.152003	1483.5
0.151003	1483.79
0.150003	1484.1
0.149003	1484.44
0.148003	1484.8
0.147003	1485.19
0.146003	1485.58
0.145003	1485.97
0.144003	1486.37
0.143003	1486.78
0.142003	1487.19
0.141003	1487.62
0.140002	1488.06
0.139002	1488.5
0.138002	1488.94
0.137002	1489.39
0.136002	1489.83
0.135002	1490.26
0.134002	1490.67
0.133002	1491.16
0.132002	1491.75
0.131002	1492.29
0.130002	1492.82
0.129002	1493.36
0.128002	1493.91
0.127002	1494.47
0.126001	1495.03
0.125001	1495.59
0.124001	1496.16
0.123001	1496.74
0.122001	1497.33
0.121001	1497.92
0.120001	1498.53
0.119001	1499.15
0.118001	1499.79
0.117001	1500.43
0.116001	1501.09
0.115001	1501.76
0.114001	1502.44
0.113001	1503.13
0.112001	1503.83
0.111001	1504.53
0.110001	1505.25
0.109	1505.97
0.108	1506.7
0.107	1507.45
0.106	1508.2
0.105	1508.96
0.104	1509.73
0.103	1510.5
0.102	1511.29
0.101	1512.07
0.1	1512.85
0.0989999	1513.63
0.0979999	1514.42
0.0969999	1515.2
0.0959998	1516
0.0949997	1516.83
0.0939997	1517.58
0.0929996	1518.27
0.0919996	1518.99
0.0909995	1519.72
0.0899995	1520.45
0.0889994	1521.16
0.0879994	1521.87
0.0869993	1522.59
0.0859993	1523.31
0.0849992	1524.17
0.0839991	1525
0.0829991	1525.73
0.081999	1526.39
0.080999	1526.9
0.0799989	1527.43
0.0789988	1527.95
0.0779988	1528.57
0.0769987	1529.19
0.0759986	1529.73
0.0749986	1530.26
0.0739985	1530.8
0.0729984	1531.32
0.0719984	1531.84
0.0709983	1532.36
0.0699982	1532.87
0.0689982	1533.37
0.0679981	1533.86
0.066998	1534.35
0.065998	1534.9
0.0649979	1535.48
0.0639978	1536.03
0.0629977	1536.58
0.0619977	1537.15
0.0609976	1537.74
0.0599975	1538.32
)
