(title "Static Temperature")
(labels "Static Temperature" "Position")

((xy/key/label "front_bl_determination")
1309.34	0.1
1418.82	0.099098
1436.81	0.0980961
1446.41	0.0970942
1453.19	0.0960923
1458.49	0.0950905
1462.65	0.0940887
1466.02	0.0930869
1468.86	0.0920852
1471.32	0.0910835
1473.49	0.0900818
1475.44	0.0890802
1477.19	0.0880786
1478.78	0.087077
1480.23	0.0860754
1481.57	0.0850739
1482.81	0.0840724
1483.96	0.0830709
1485.04	0.0820695
1486.05	0.0810681
1487	0.0800667
1487.89	0.0790653
1488.74	0.0780639
1489.55	0.0770626
1490.32	0.0760613
1491.05	0.07506
1491.75	0.0740587
1492.42	0.0730575
1493.07	0.0720563
1493.69	0.071055
1494.28	0.0700538
1494.86	0.0690527
1495.42	0.0680515
1495.96	0.0670504
1496.49	0.0660493
1497	0.0650482
1497.5	0.0640471
1497.98	0.063046
1498.46	0.0620449
1498.92	0.0610439
1499.38	0.0600429
1499.82	0.0590418
1500.26	0.0580408
1500.69	0.0570399
1501.11	0.0560389
1501.53	0.0550379
1501.95	0.054037
1502.36	0.0530361
1502.76	0.0520351
1503.16	0.0510342
1503.55	0.0500333
1503.94	0.0490325
1504.33	0.0480316
1504.71	0.0470307
1505.09	0.0460299
1505.46	0.045029
1505.84	0.0440282
1506.2	0.0430274
1506.57	0.0420266
1506.92	0.0410258
1507.28	0.040025
1507.62	0.0390242
1507.96	0.0380235
1508.3	0.0370227
1508.63	0.036022
1508.95	0.0350212
1509.26	0.0340205
1509.53	0.0330198
1509.84	0.032019
1510.13	0.0310183
1510.42	0.0300176
1510.69	0.029017
1510.96	0.0280163
1511.21	0.0270156
1511.45	0.0260149
1511.69	0.0250143
1511.91	0.0240136
1512.12	0.023013
1512.32	0.0220124
1512.51	0.0210117
1512.68	0.0200111
1512.85	0.0190105
1513	0.0180099
1513.14	0.0170093
1513.28	0.0160087
1513.41	0.0150081
1513.54	0.0140075
1513.66	0.013007
1513.74	0.0120064
1513.78	0.0110058
1513.79	0.0100053
1513.77	0.00900471
1513.75	0.00800417
1513.71	0.00700363
1513.65	0.00600309
1513.58	0.00500257
1513.5	0.00400204
1513.41	0.00300152
1513.31	0.00200101
1513.21	0.0010005
1513.09	4.22214e-10
1512.97	-0.0010005
1512.85	-0.00200101
1512.71	-0.00300152
1512.58	-0.00400204
1512.44	-0.00500257
1512.29	-0.00600309
1512.15	-0.00700363
1511.99	-0.00800417
1511.84	-0.00900471
1511.68	-0.0100053
1511.51	-0.0110058
1511.35	-0.0120064
1511.18	-0.013007
1511.01	-0.0140075
1510.83	-0.0150081
1510.65	-0.0160087
1510.48	-0.0170093
1510.3	-0.0180099
1510.11	-0.0190105
1509.93	-0.0200111
1509.75	-0.0210117
1509.56	-0.0220124
1509.38	-0.023013
1509.19	-0.0240136
1509.01	-0.0250143
1508.82	-0.0260149
1508.63	-0.0270156
1508.45	-0.0280163
1508.26	-0.029017
1508.08	-0.0300176
1507.89	-0.0310183
1507.7	-0.032019
1507.51	-0.0330198
1507.38	-0.0340205
1507.19	-0.0350212
1507	-0.036022
1506.81	-0.0370227
1506.61	-0.0380235
1506.41	-0.0390242
1506.21	-0.040025
1506.01	-0.0410258
1505.8	-0.0420266
1505.58	-0.0430274
1505.37	-0.0440282
1505.15	-0.045029
1504.92	-0.0460299
1504.69	-0.0470307
1504.45	-0.0480316
1504.21	-0.0490325
1503.96	-0.0500333
1503.71	-0.0510342
1503.44	-0.0520351
1503.17	-0.0530361
1502.89	-0.054037
1502.61	-0.0550379
1502.31	-0.0560389
1502	-0.0570399
1501.68	-0.0580408
1501.35	-0.0590418
1501.01	-0.0600429
1500.66	-0.0610439
1500.29	-0.0620449
1499.91	-0.063046
1499.51	-0.0640471
1499.1	-0.0650482
1498.67	-0.0660493
1498.22	-0.0670504
1497.75	-0.0680515
1497.26	-0.0690527
1496.75	-0.0700538
1496.22	-0.071055
1495.66	-0.0720563
1495.07	-0.0730575
1494.45	-0.0740587
1493.8	-0.07506
1493.11	-0.0760613
1492.39	-0.0770626
1491.62	-0.0780639
1490.81	-0.0790653
1489.95	-0.0800667
1489.03	-0.0810681
1488.05	-0.0820695
1487	-0.0830709
1485.87	-0.0840724
1484.65	-0.0850739
1483.33	-0.0860754
1481.89	-0.087077
1480.31	-0.0880786
1478.56	-0.0890802
1476.61	-0.0900818
1474.43	-0.0910835
1471.95	-0.0920852
1469.1	-0.0930869
1465.71	-0.0940887
1461.53	-0.0950905
1456.19	-0.0960923
1449.37	-0.0970942
1439.73	-0.0980961
1312.83	-0.1
1421.67	-0.099098
1439.73	-0.0980961
)
