-67398.4	0.1
116704	0.0995988
119346	0.09948
116493	0.099098
116493	0.099098
86778.1	0.0980961
83549.3	0.0970942
78596.8	0.0960923
72857	0.0950905
68651.7	0.0940887
65209.5	0.0930869
62043.1	0.0920852
59080.2	0.0910835
56307.6	0.0900818
53718.5	0.0890802
51292.1	0.0880786
49009.2	0.087077
46857.4	0.0860754
44822.1	0.0850739
42887.1	0.0840724
41016.3	0.0830709
39183.8	0.0820695
37403.4	0.0810681
35692.8	0.0800667
34058.8	0.0790653
32498.9	0.0780639
31007.6	0.0770626
29579.6	0.0760613
28210.9	0.07506
26897.9	0.0740587
25636.8	0.0730575
24424.8	0.0720563
23258.9	0.071055
22136.8	0.0700538
21056.4	0.0690527
20016.1	0.0680515
19014	0.0670504
18048.7	0.0660493
17118.7	0.0650482
16223	0.0640471
15360.6	0.063046
14530.4	0.0620449
13731.7	0.0610439
12963.5	0.0600429
12225.2	0.0590418
11515.9	0.0580408
10835.3	0.0570399
10182.7	0.0560389
9557.54	0.0550379
8959.13	0.054037
8387.01	0.0530361
7840.6	0.0520351
7319.55	0.0510342
6823.34	0.0500333
6351.17	0.0490325
5902.6	0.0480316
5477.12	0.0470307
5074.27	0.0460299
4693.64	0.045029
4334.71	0.0440282
3996.91	0.0430274
3679.65	0.0420266
3382.31	0.0410258
3104.27	0.040025
2844.94	0.0390242
2603.81	0.0380235
2380.29	0.0370227
2173.84	0.036022
1984.16	0.0350212
1816.21	0.0340205
1673.35	0.0330198
1534.69	0.032019
1402.9	0.0310183
1287.15	0.0300176
1186.38	0.029017
1099.83	0.0280163
1024.59	0.0270156
958.293	0.0260149
901.999	0.0250143
857.027	0.0240136
822.924	0.023013
796.39	0.0220124
773.676	0.0210117
747.473	0.0200111
708.861	0.0190105
669.1	0.0180099
637.513	0.0170093
606.464	0.0160087
575.723	0.0150081
549.607	0.0140075
530.463	0.013007
518.783	0.0120064
514.991	0.0110058
519.013	0.0100053
528.841	0.00900471
543.321	0.00800417
566.463	0.00700363
601.131	0.00600309
645.874	0.00500257
699.348	0.00400204
760.266	0.00300152
827.695	0.00200101
901.254	0.0010005
980.614	4.22214e-10
1065.49	-0.0010005
1155.68	-0.00200101
1250.99	-0.00300152
1351.29	-0.00400204
1456.4	-0.00500257
1566.22	-0.00600309
1680.58	-0.00700363
1799.38	-0.00800417
1922.46	-0.00900471
2049.7	-0.0100053
2181	-0.0110058
2316.28	-0.0120064
2455.54	-0.013007
2598.81	-0.0140075
2746.17	-0.0150081
2897.71	-0.0160087
3053.52	-0.0170093
3213.75	-0.0180099
3378.56	-0.0190105
3548.12	-0.0200111
3722.6	-0.0210117
3902.22	-0.0220124
4087.23	-0.023013
4277.91	-0.0240136
4474.56	-0.0250143
4677.4	-0.0260149
4886.56	-0.0270156
5102.05	-0.0280163
5324.13	-0.029017
5553.5	-0.0300176
5790.65	-0.0310183
6033.33	-0.032019
6255.47	-0.0330198
6453	-0.0340205
6684.43	-0.0350212
6946.1	-0.036022
7218.18	-0.0370227
7500.22	-0.0380235
7792.29	-0.0390242
8094.63	-0.040025
8407.55	-0.0410258
8731.38	-0.0420266
9066.51	-0.0430274
9413.34	-0.0440282
9772.34	-0.045029
10144	-0.0460299
10528.8	-0.0470307
10927.2	-0.0480316
11340	-0.0490325
11767.8	-0.0500333
12211.2	-0.0510342
12671	-0.0520351
13147.8	-0.0530361
13642.6	-0.054037
14156.2	-0.0550379
14689.4	-0.0560389
15243.1	-0.0570399
15818.5	-0.0580408
16416.5	-0.0590418
17038.3	-0.0600429
17685.2	-0.0610439
18358.6	-0.0620449
19059.9	-0.063046
19790.9	-0.0640471
20553.2	-0.0650482
21349	-0.0660493
22180.4	-0.0670504
23049.8	-0.0680515
23959.9	-0.0690527
24913.2	-0.0700538
25912.4	-0.071055
26960	-0.0720563
28057.9	-0.0730575
29207.3	-0.0740587
30408.4	-0.07506
31659.9	-0.0760613
32962	-0.0770626
34322.3	-0.0780639
35754	-0.0790653
37266.8	-0.0800667
38863.5	-0.0810681
40537.8	-0.0820695
42272.2	-0.0830709
44050	-0.0840724
45899.5	-0.0850739
47862.7	-0.0860754
49957.3	-0.087077
52199.6	-0.0880786
54608.7	-0.0890802
57215.7	-0.0900818
60069.7	-0.0910835
63179.7	-0.0920852
66600.3	-0.0930869
70416.5	-0.0940887
74829	-0.0950905
80150.1	-0.0960923
84189.8	-0.0970942
87640.5	-0.0980961
-66354.2	-0.1
117611	-0.0995988
120365	-0.09948
117785	-0.099098
87640.5	-0.0980961
117785	-0.099098
