(title "Yplus Based Heat Tran. Coef.")
(labels "Position" "Yplus Based Heat Tran. Coef.")

((xy/key/label "boundary_layer_determination")
0.0599975	102.783
0.0589974	101.493
0.0579974	100.848
0.0569973	100.776
0.0559972	100.605
0.0549971	100.309
0.053997	99.9939
0.0529969	99.6009
0.0519969	99.092
0.0509968	98.4717
0.0499967	97.6949
0.0489966	96.8099
0.0479965	95.891
0.0469964	94.9277
0.0459963	93.9184
0.0449962	92.827
0.0439961	91.6874
0.042996	90.5838
0.0419959	89.5142
0.0409958	88.4021
0.0399957	87.1692
0.0389956	85.9668
0.0379955	84.7621
0.0369954	83.3429
0.0359953	81.7941
0.0349952	80.2154
0.0339951	78.5336
0.032995	76.765
0.0319949	75.0021
0.0309948	73.1959
0.0299946	71.2441
0.0289945	69.1268
0.0279944	66.9395
0.0269943	64.6554
0.0259942	62.3089
0.024994	59.9602
0.0239939	57.4671
0.0229938	54.894
0.0219936	52.6196
0.0209935	51.2093
0.0199934	51.3813
0.0189932	53.6584
0.0179931	58.1765
0.0169929	64.3018
0.0159928	69.8516
0.0149926	71.1877
0.0139925	61.3444
0.0129923	58.0112
0.0119922	78.8701
0.010992	102.147
0.00999185	117.059
0.00899168	123.501
0.00799151	122.382
0.00699134	121.473
0.00599116	123.562
0.00499098	128.312
0.0039908	134.609
0.00299062	153.111
0.00199043	215.144
0.000990232	419.974
-4.50774e-11	1676.65
0.2	292.144
0.19901	475.663
0.19801	464.245
0.197009	453.043
0.196009	445.351
0.195009	440.532
0.194009	437.231
0.193009	434.536
0.192008	432.04
0.191008	429.582
0.190008	427.134
0.189008	424.705
0.188008	422.306
0.187008	419.936
0.186008	417.579
0.185007	415.221
0.184007	412.905
0.183007	410.855
0.182007	409.02
0.181007	407.174
0.180007	405.318
0.179007	403.449
0.178006	401.562
0.177006	399.644
0.176006	397.688
0.175006	395.691
0.174006	393.663
0.173006	391.621
0.172006	389.58
0.171005	387.54
0.170005	385.482
0.169005	383.379
0.168005	381.209
0.167005	378.972
0.166005	376.682
0.165005	374.357
0.164005	372.012
0.163005	369.656
0.162004	367.292
0.161004	364.923
0.160004	362.546
0.159004	360.151
0.158004	357.729
0.157004	355.282
0.156004	352.824
0.155004	350.374
0.154004	347.945
0.153004	345.539
0.152003	343.148
0.151003	340.747
0.150003	338.302
0.149003	335.778
0.148003	333.155
0.147003	330.434
0.146003	327.643
0.145003	324.83
0.144003	322.041
0.143003	319.295
0.142003	316.567
0.141003	313.817
0.140002	311.033
0.139002	308.253
0.138002	305.54
0.137002	302.975
0.136002	300.691
0.135002	298.94
0.134002	298.146
0.133002	293.482
0.132002	287.594
0.131002	284.557
0.130002	281.705
0.129002	278.905
0.128002	276.114
0.127002	273.319
0.126001	270.517
0.125001	267.723
0.124001	264.965
0.123001	262.261
0.122001	259.612
0.121001	257.007
0.120001	254.431
0.119001	251.866
0.118001	249.288
0.117001	246.684
0.116001	244.063
0.115001	241.441
0.114001	238.812
0.113001	236.17
0.112001	233.537
0.111001	230.955
0.110001	228.427
0.109	225.9
0.108	223.327
0.107	220.703
0.106	218.046
0.105	215.36
0.104	212.626
0.103	209.845
0.102	207.035
0.101	204.221
0.1	201.453
0.0989999	198.752
0.0979999	196.106
0.0969999	193.504
0.0959998	190.936
0.0949997	188.151
0.0939997	184.861
0.0929996	181.299
0.0919996	177.798
0.0909995	174.409
0.0899995	171.122
0.0889994	167.898
0.0879994	164.702
0.0869993	161.591
0.0859993	158.59
0.0849992	155.703
0.0839991	153.017
0.0829991	150.442
0.081999	147.809
0.080999	145.064
0.0799989	142.228
0.0789988	139.477
0.0779988	137.013
0.0769987	134.54
0.0759986	132.046
0.0749986	129.824
0.0739985	127.63
0.0729984	125.362
0.0719984	123.285
0.0709983	121.373
0.0699982	119.403
0.0689982	117.366
0.0679981	115.291
0.066998	114.209
0.065998	112.945
0.0649979	110.648
0.0639978	108.919
0.0629977	107.298
0.0619977	105.728
0.0609976	104.248
0.0599975	102.783
)
