0.059975	7053.57
0.0589742	6559.38
0.0579734	6218.04
0.0569726	6279.55
0.0559718	6149
0.054971	5474.19
0.0539701	4621.81
0.0529693	3969.61
0.0519684	3507.7
0.0509676	2868.8
0.0499667	1900.92
0.0489658	695.315
0.0479649	-557.518
0.046964	-1731.15
0.045963	-2869.57
0.0449621	-4071.38
0.0439611	-5379.19
0.0429602	-6802.23
0.0419592	-8315.62
0.0409582	-9848.15
0.0399572	-11327.8
0.0389561	-12755.9
0.0379551	-14166
0.036954	-15518.5
0.035953	-16744.3
0.0349519	-17807.7
0.0339508	-18686.9
0.0329496	-19408.5
0.0319485	-20031.4
0.0309473	-20568.3
0.0299462	-21012.6
0.028945	-21365.7
0.0279438	-21614.6
0.0269425	-21723.6
0.0259413	-21499.2
0.02494	-20800.6
0.0239387	-20052
0.0229374	-19937.7
0.0219361	-20240.3
0.0209347	-20524.3
0.0199334	-20493.8
0.018932	-19753.4
0.0179305	-17908
0.0169291	-12633.7
0.0159276	-1239.51
0.0149261	1574.68
0.0139246	-38015.3
0.012923	-82639.4
0.0119215	-118871
0.0109198	-252871
0.00991821	-441234
0.00891654	-560139
0.00791484	-645660
0.00691311	-752222
0.00591135	-803991
0.00490955	-760636
0.00390772	-688691
0.00290585	-536595
0.00190395	-317377
0.000902011	-460741
0.000902008	-460736
0.000520069	-744013
0.000401176	-825777
-3.40924e-11	-621694
0.059975	7053.57
0.0609758	6788.55
0.0619766	6187
0.0629773	6166.51
0.0639781	6256.87
0.0649788	5564.77
0.0659795	4874.05
0.0669803	5251.57
0.067981	4494.2
0.0689817	3214.24
0.0699824	2622.32
0.0709831	1567.29
0.0719837	422.036
0.0729844	-679.685
0.0739851	-1811.2
0.0749857	-2997.15
0.0759864	-4250.73
0.076987	-5591.56
0.0779876	-7061.82
0.0789883	-8605.05
0.0799889	-11706
0.0809895	-13362.7
0.0819901	-13562.2
0.0829907	-15424.5
0.0839913	-17432.9
0.0849919	-19510.5
0.0859925	-21653.9
0.086993	-23856.5
0.0879936	-26114.9
0.0889942	-28427.4
0.0899947	-30790.8
0.0909953	-33202.5
0.0919958	-35665.6
0.0929964	-38189.9
0.0939969	-40783.8
0.0949974	-43450.3
0.095998	-46188.4
0.0969985	-48989.7
0.097999	-51837.1
0.0989995	-54712.3
0.1	-57602.3
0.101001	-60502.8
0.102001	-63419.1
0.103002	-66360.5
0.104002	-69335
0.105003	-72347.3
0.106003	-75398.5
0.107004	-78486.8
0.108004	-81609.5
0.109005	-84761
0.110005	-87930.8
0.111006	-91106.9
0.112006	-94282.4
0.113007	-97460.1
0.114008	-100649
0.115008	-103853
0.116009	-107074
0.117009	-110314
0.11801	-113574
0.11901	-116853
0.120011	-120137
0.121012	-123407
0.122012	-126649
0.123013	-129852
0.124014	-133016
0.125014	-136140
0.126015	-139226
0.127016	-142272
0.128016	-145277
0.129017	-148239
0.130018	-151158
0.131018	-154009
0.132019	-156609
0.13302	-158145
0.13402	-159191
0.135021	-161248
0.136022	-163707
0.137023	-166148
0.138023	-168512
0.139024	-170796
0.140025	-173010
0.141026	-175170
0.142027	-177280
0.143027	-179324
0.144028	-181284
0.145029	-183167
0.14603	-185014
0.147031	-186867
0.148032	-188751
0.149032	-190660
0.150033	-192567
0.151034	-194434
0.152035	-196229
0.153036	-197933
0.154037	-199547
0.155038	-201089
0.156039	-202583
0.15704	-204059
0.158041	-205533
0.159042	-207007
0.160043	-208471
0.161044	-209913
0.162045	-211328
0.163046	-212724
0.164047	-214106
0.165048	-215483
0.166049	-216862
0.16705	-218254
0.168051	-219665
0.169053	-221094
0.170054	-222519
0.171055	-223904
0.172056	-225221
0.173057	-226467
0.174059	-227668
0.17506	-228856
0.176061	-230055
0.177063	-231264
0.178064	-232463
0.179065	-233633
0.180067	-234761
0.181068	-235848
0.182069	-236903
0.183071	-237940
0.184072	-238972
0.185074	-240004
0.186075	-241035
0.187077	-242061
0.188079	-243081
0.18908	-244110
0.190082	-245177
0.191083	-246308
0.192085	-247514
0.193087	-248778
0.194089	-250050
0.19509	-251103
0.196092	-250981
0.197094	-245756
0.198096	-236756
0.199098	-237293
0.2	-110518
