(title "Yplus Based Heat Tran. Coef.")
(labels "Yplus Based Heat Tran. Coef." "Position")

((xy/key/label "walls")
123.618	0.1
121.299	0.1
119.058	0.1
116.89	0.1
114.776	0.1
112.699	0.1
110.707	0.1
108.807	0.1
106.87	0.1
104.909	0.1
103.024	0.1
101.177	0.1
99.3622	0.1
97.9222	0.1
97.2296	0.1
96.9042	0.1
96.4818	0.1
95.9843	0.1
95.3975	0.1
94.7218	0.1
93.9859	0.1
93.1887	0.1
92.2721	0.1
91.2276	0.1
90.1114	0.1
88.9335	0.1
87.675	0.1
86.3116	0.1
84.8162	0.1
83.1896	0.1
81.4839	0.1
79.7722	0.1
78.0819	0.1
76.3733	0.1
74.5535	0.1
72.5151	0.1
70.2834	0.1
68.0028	0.1
65.6616	0.1
63.2032	0.1
60.8726	0.1
59.2661	0.1
59.4669	0.1
62.3713	0.1
67.026	0.1
70.2177	0.1
65.8613	0.1
54.1294	0.1
63.1961	0.1
88.7636	0.1
108.104	0.1
118.272	0.1
117.29	0.1
114.6	0.1
116.805	0.1
121.946	0.1
126.076	0.1
132.427	0.1
155.49	0.1
266.89	0.1
504.999	0.1
2032.58	0.1
3256.83	0.0995
3032.25	0.099
2754.05	0.098
2662.71	0.097
2591.8	0.096
2528.39	0.095
2466.53	0.094
2408.92	0.093
2355.21	0.092
2304.82	0.091
2257.16	0.09
2211.73	0.089
2168.22	0.088
2126.36	0.087
2085.95	0.086
2046.82	0.085
2008.82	0.084
1971.88	0.083
1935.92	0.082
1900.84	0.081
1866.52	0.08
1832.87	0.079
1799.83	0.078
1767.32	0.077
1735.28	0.076
1703.66	0.075
1672.43	0.074
1641.54	0.073
1610.95	0.072
1580.61	0.071
1550.49	0.07
1520.57	0.069
1490.82	0.068
1461.22	0.067
1431.75	0.066
1402.38	0.065
1373.11	0.064
1343.93	0.063
1314.81	0.062
1285.77	0.061
1256.79	0.06
1227.85	0.059
1198.97	0.058
1170.13	0.057
1141.34	0.056
1112.58	0.055
1083.87	0.054
1055.19	0.053
1026.54	0.052
997.928	0.051
969.344	0.05
940.785	0.049
912.248	0.048
883.73	0.047
855.229	0.046
826.743	0.045
798.272	0.044
769.815	0.043
741.368	0.042
712.925	0.041
684.476	0.04
656.006	0.039
627.501	0.038
598.944	0.037
570.313	0.036
541.582	0.035
513.006	0.034
484.895	0.033
456.226	0.032
426.603	0.031
396.676	0.03
366.436	0.029
335.928	0.028
305.329	0.027
274.847	0.026
244.672	0.025
215.054	0.024
186.289	0.023
158.682	0.022
132.48	0.021
113.255	0.02
105.039	0.019
103.528	0.018
104.511	0.017
108.108	0.016
122.949	0.015
147.536	0.014
171.756	0.013
194.425	0.012
215.935	0.011
236.469	0.01
256.102	0.009
274.913	0.008
293.099	0.007
310.794	0.006
327.999	0.005
344.717	0.004
360.961	0.003
376.768	0.002
392.173	0.001
407.203	4.71845e-16
421.875	-0.001
436.21	-0.002
450.225	-0.003
463.942	-0.004
477.388	-0.005
490.589	-0.006
503.572	-0.007
516.362	-0.008
528.981	-0.009
541.455	-0.01
553.807	-0.011
566.063	-0.012
578.248	-0.013
590.391	-0.014
602.517	-0.015
614.651	-0.016
626.815	-0.017
639.03	-0.018
651.317	-0.019
663.693	-0.02
676.174	-0.021
688.775	-0.022
701.509	-0.023
714.394	-0.024
727.442	-0.025
740.664	-0.026
754.07	-0.027
767.666	-0.028
781.456	-0.029
795.436	-0.03
809.609	-0.031
824.016	-0.032
837.624	-0.033
851.411	-0.034
866.583	-0.035
882.076	-0.036
897.694	-0.037
913.481	-0.038
929.465	-0.039
945.667	-0.04
962.102	-0.041
978.779	-0.042
995.706	-0.043
1012.89	-0.044
1030.33	-0.045
1048.03	-0.046
1065.99	-0.047
1084.22	-0.048
1102.73	-0.049
1121.52	-0.05
1140.59	-0.051
1159.95	-0.052
1179.62	-0.053
1199.6	-0.054
1219.88	-0.055
1240.49	-0.056
1261.43	-0.057
1282.7	-0.058
1304.3	-0.059
1326.26	-0.06
1348.56	-0.061
1371.23	-0.062
1394.26	-0.063
1417.68	-0.064
1441.49	-0.065
1465.7	-0.066
1490.33	-0.067
1515.41	-0.068
1540.93	-0.069
1566.94	-0.07
1593.44	-0.071
1620.48	-0.072
1648.07	-0.073
1676.24	-0.074
1705.02	-0.075
1734.44	-0.076
1764.53	-0.077
1795.31	-0.078
1826.81	-0.079
1859.1	-0.08
1892.24	-0.081
1926.33	-0.082
1961.47	-0.083
1997.74	-0.084
2035.21	-0.085
2073.96	-0.086
2114.11	-0.087
2155.84	-0.088
2199.35	-0.089
2244.86	-0.09
2292.65	-0.091
2343.13	-0.092
2396.87	-0.093
2454.48	-0.094
2516.74	-0.095
2581.55	-0.096
2653.91	-0.097
2746.47	-0.098
123.618	0.1
125.958	0.1
128.289	0.1
130.635	0.1
133.043	0.1
135.502	0.1
138.3	0.1
140.484	0.1
142.488	0.1
145.322	0.1
148.332	0.1
151.415	0.1
154.455	0.1
157.495	0.1
160.625	0.1
163.849	0.1
167.109	0.1
170.427	0.1
173.807	0.1
177.212	0.1
180.643	0.1
183.516	0.1
185.909	0.1
188.349	0.1
190.701	0.1
192.997	0.1
195.296	0.1
197.635	0.1
200.025	0.1
202.455	0.1
204.913	0.1
207.426	0.1
210.04	0.1
212.767	0.1
215.561	0.1
218.355	0.1
221.104	0.1
223.781	0.1
226.391	0.1
228.977	0.1
231.6	0.1
234.311	0.1
237.121	0.1
240.007	0.1
242.937	0.1
245.877	0.1
248.802	0.1
251.704	0.1
254.579	0.1
257.413	0.1
260.204	0.1
262.972	0.1
265.764	0.1
268.603	0.1
271.475	0.1
274.358	0.1
277.239	0.1
280.11	0.1
282.945	0.1
285.715	0.1
288.4	0.1
291.008	0.1
293.565	0.1
296.102	0.1
298.639	0.1
301.176	0.1
303.702	0.1
306.206	0.1
308.682	0.1
311.133	0.1
313.569	0.1
316.04	0.1
318.714	0.1
324.297	0.1
328.587	0.1
329.274	0.1
330.673	0.1
332.508	0.1
334.593	0.1
336.827	0.1
339.147	0.1
341.495	0.1
343.82	0.1
346.119	0.1
348.438	0.1
350.831	0.1
353.307	0.1
355.829	0.1
358.333	0.1
360.764	0.1
363.093	0.1
365.321	0.1
367.479	0.1
369.606	0.1
371.742	0.1
373.911	0.1
376.119	0.1
378.35	0.1
380.583	0.1
382.795	0.1
384.981	0.1
387.147	0.1
389.301	0.1
391.448	0.1
393.59	0.1
395.729	0.1
397.865	0.1
399.99	0.1
402.084	0.1
404.123	0.1
406.094	0.1
408.008	0.1
409.894	0.1
411.967	0.1
414.28	0.1
416.647	0.1
419.015	0.1
421.362	0.1
423.664	0.1
425.912	0.1
428.112	0.1
430.28	0.1
432.432	0.1
434.58	0.1
436.726	0.1
438.867	0.1
441.001	0.1
443.131	0.1
445.273	0.1
447.442	0.1
449.64	0.1
451.854	0.1
454.065	0.1
456.299	0.1
458.717	0.1
461.744	0.1
466.33	0.1
473.948	0.1
485.335	0.1
497.178	0.1
309.447	0.1
91.2648	0.099
55.0951	0.098
28.215	0.097
21.1403	0.096
32.1392	0.095
33.0286	0.094
29.8677	0.093
25.6839	0.092
21.8054	0.091
19.1417	0.09
17.624	0.089
16.8975	0.088
16.343	0.087
15.6255	0.086
14.6368	0.085
13.3137	0.084
11.5897	0.083
9.3357	0.082
6.11281	0.081
4.65346	0.08
6.49829	0.079
8.58858	0.078
9.64426	0.077
10.0626	0.076
10.0104	0.075
9.62074	0.074
9.06373	0.073
8.42254	0.072
7.79177	0.071
7.26281	0.07
6.89092	0.069
6.7478	0.068
6.84469	0.067
7.09922	0.066
7.42965	0.065
7.76682	0.064
8.0654	0.063
8.33597	0.062
8.59568	0.061
8.83236	0.06
9.03126	0.059
9.17305	0.058
9.20228	0.057
9.01998	0.056
8.50689	0.055
7.47117	0.054
5.50343	0.053
4.192	0.052
5.89661	0.051
8.90236	0.05
11.2626	0.049
13.3072	0.048
15.1264	0.047
16.7621	0.046
18.2408	0.045
19.5834	0.044
20.8078	0.043
21.9304	0.042
22.9655	0.041
23.9248	0.04
24.8177	0.039
25.6519	0.038
26.4329	0.037
27.1641	0.036
27.8457	0.035
28.4942	0.034
29.1031	0.033
29.6389	0.032
30.1226	0.031
30.5795	0.03
30.9976	0.029
31.368	0.028
31.6848	0.027
31.9426	0.026
32.1338	0.025
32.2496	0.024
32.2862	0.023
32.2449	0.022
32.1236	0.021
31.9134	0.02
31.6062	0.019
31.1971	0.018
30.685	0.017
30.0692	0.016
29.3448	0.015
28.506	0.014
27.5499	0.013
26.4711	0.012
25.2594	0.011
23.9016	0.01
22.3837	0.009
20.6869	0.008
18.7801	0.007
16.6065	0.006
15.5381	0.005
15.8072	0.004
16.1772	0.003
16.2283	0.002
15.9154	0.001
15.9926	-4.71845e-16
17.4076	-0.001
19.5845	-0.002
21.4838	-0.003
23.1712	-0.004
24.681	-0.005
14.0977	-0.072
13.8658	-0.071
13.2795	-0.07
12.4048	-0.069
11.3035	-0.068
10.0931	-0.067
8.90707	-0.066
7.86137	-0.065
7.09947	-0.064
6.75351	-0.063
6.875	-0.062
7.41259	-0.061
8.22417	-0.06
9.08363	-0.059
9.78846	-0.058
10.2805	-0.057
10.5993	-0.056
10.7915	-0.055
10.9024	-0.054
10.988	-0.053
11.0812	-0.052
11.1667	-0.051
11.1673	-0.05
10.9498	-0.049
10.3419	-0.048
9.13504	-0.047
6.93911	-0.046
4.87635	-0.045
6.40418	-0.044
10.108	-0.043
12.9176	-0.042
15.3219	-0.041
17.4385	-0.04
19.3163	-0.039
20.9869	-0.038
22.4766	-0.037
23.8091	-0.036
25.0034	-0.035
26.0823	-0.034
27.0553	-0.033
27.9192	-0.032
28.7054	-0.031
29.441	-0.03
30.1238	-0.029
30.7525	-0.028
31.3266	-0.027
31.8459	-0.026
32.309	-0.025
32.713	-0.024
33.0548	-0.023
33.3302	-0.022
33.5314	-0.021
33.6509	-0.02
33.6859	-0.019
33.6394	-0.018
33.5131	-0.017
33.3027	-0.016
33.0021	-0.015
32.6083	-0.014
32.1212	-0.013
31.5439	-0.012
30.8798	-0.011
30.1266	-0.01
29.276	-0.009
28.3182	-0.008
27.2417	-0.007
26.0334	-0.006
24.681	-0.005
14.0977	-0.072
13.8666	-0.073
13.1436	-0.074
11.9164	-0.075
10.0606	-0.076
6.948	-0.077
5.50227	-0.078
7.93869	-0.079
11.0216	-0.08
13.0714	-0.081
14.4728	-0.082
15.3517	-0.083
15.8201	-0.084
15.9078	-0.085
15.7395	-0.086
15.5368	-0.087
15.5668	-0.088
16.3887	-0.089
18.4719	-0.09
21.7381	-0.091
25.9626	-0.092
30.2058	-0.093
33.3561	-0.094
32.4359	-0.095
21.2705	-0.096
28.0532	-0.097
54.7351	-0.098
90.5884	-0.099
301.318	-0.1
481.351	-0.1
468.022	-0.1
454.539	-0.1
444.625	-0.1
437.938	-0.1
433.262	-0.1
429.651	-0.1
426.596	-0.1
423.973	-0.1
421.764	-0.1
419.731	-0.1
417.703	-0.1
415.651	-0.1
413.556	-0.1
411.415	-0.1
409.246	-0.1
407.073	-0.1
404.918	-0.1
402.788	-0.1
400.685	-0.1
398.609	-0.1
396.566	-0.1
394.555	-0.1
392.563	-0.1
390.566	-0.1
388.545	-0.1
386.491	-0.1
384.406	-0.1
382.291	-0.1
380.137	-0.1
377.942	-0.1
375.715	-0.1
373.483	-0.1
371.271	-0.1
369.086	-0.1
366.911	-0.1
364.729	-0.1
362.528	-0.1
360.313	-0.1
358.091	-0.1
355.869	-0.1
353.65	-0.1
351.428	-0.1
349.194	-0.1
346.949	-0.1
344.701	-0.1
342.461	-0.1
340.232	-0.1
338.008	-0.1
335.778	-0.1
333.537	-0.1
331.274	-0.1
328.983	-0.1
326.661	-0.1
324.319	-0.1
321.972	-0.1
319.634	-0.1
317.315	-0.1
315.017	-0.1
312.741	-0.1
310.494	-0.1
308.31	-0.1
306.268	-0.1
304.499	-0.1
303.219	-0.1
302.765	-0.1
298.741	-0.1
293.306	-0.1
290.698	-0.1
288.304	-0.1
285.985	-0.1
283.676	-0.1
281.345	-0.1
278.978	-0.1
276.555	-0.1
274.06	-0.1
271.5	-0.1
268.912	-0.1
266.34	-0.1
263.815	-0.1
261.333	-0.1
258.866	-0.1
256.393	-0.1
253.914	-0.1
251.446	-0.1
249.011	-0.1
246.609	-0.1
244.207	-0.1
241.771	-0.1
239.31	-0.1
236.843	-0.1
234.361	-0.1
231.876	-0.1
229.426	-0.1
227.017	-0.1
224.633	-0.1
222.262	-0.1
219.891	-0.1
217.498	-0.1
215.073	-0.1
212.65	-0.1
210.269	-0.1
207.924	-0.1
205.578	-0.1
203.232	-0.1
200.934	-0.1
198.699	-0.1
196.508	-0.1
194.359	-0.1
192.256	-0.1
190.186	-0.1
188.122	-0.1
186.064	-0.1
184.027	-0.1
182.008	-0.1
180.031	-0.1
178.114	-0.1
175.917	-0.1
173.242	-0.1
170.404	-0.1
167.543	-0.1
164.597	-0.1
161.537	-0.1
158.437	-0.1
155.43	-0.1
152.523	-0.1
149.657	-0.1
146.807	-0.1
143.957	-0.1
141.144	-0.1
138.465	-0.1
136.007	-0.1
134.53	-0.1
132.891	-0.1
130.458	-0.1
128.362	-0.1
126.373	-0.1
124.426	-0.1
122.437	-0.1
120.422	-0.1
118.543	-0.1
116.715	-0.1
114.799	-0.1
112.927	-0.1
111.317	-0.1
109.793	-0.1
108.177	-0.1
106.453	-0.1
104.713	-0.1
103.035	-0.1
101.354	-0.1
99.6584	-0.1
98.0455	-0.1
96.4219	-0.1
94.7289	-0.1
93.4406	-0.1
92.7813	-0.1
92.3331	-0.1
91.7677	-0.1
91.0855	-0.1
90.3216	-0.1
89.4624	-0.1
88.4957	-0.1
87.4554	-0.1
86.3646	-0.1
85.2292	-0.1
84.0393	-0.1
82.7766	-0.1
81.4317	-0.1
79.9923	-0.1
78.4561	-0.1
76.8679	-0.1
75.2638	-0.1
73.5866	-0.1
71.7503	-0.1
69.7652	-0.1
67.7065	-0.1
65.6381	-0.1
63.677	-0.1
62.0443	-0.1
61.0833	-0.1
61.4897	-0.1
64.2607	-0.1
69.1099	-0.1
73.3439	-0.1
71.9006	-0.1
56.5125	-0.1
59.9319	-0.1
88.5022	-0.1
110.256	-0.1
122.875	-0.1
125.007	-0.1
122.492	-0.1
121.814	-0.1
122.715	-0.1
125.582	-0.1
131.766	-0.1
154.35	-0.1
265.831	-0.1
503.375	-0.1
2028.93	-0.1
3251.83	-0.0995
3026.63	-0.099
2746.47	-0.098
)
