(title "Yplus Based Heat Tran. Coef.")
(labels "Yplus Based Heat Tran. Coef." "Position")

((xy/key/label "walls")
107.56	0.1
106.209	0.1
105.535	0.1
105.46	0.1
105.281	0.1
104.971	0.1
104.641	0.1
104.23	0.1
103.697	0.1
103.048	0.1
102.235	0.1
101.309	0.1
100.347	0.1
99.3395	0.1
98.2832	0.1
97.1411	0.1
95.9486	0.1
94.7936	0.1
93.6743	0.1
92.5106	0.1
91.2203	0.1
89.9621	0.1
88.7014	0.1
87.2162	0.1
85.5954	0.1
83.9434	0.1
82.1834	0.1
80.3327	0.1
78.4878	0.1
76.5977	0.1
74.5552	0.1
72.3395	0.1
70.0505	0.1
67.6603	0.1
65.2047	0.1
62.7469	0.1
60.1378	0.1
57.4452	0.1
55.0651	0.1
53.5893	0.1
53.7692	0.1
56.1521	0.1
60.8802	0.1
67.2902	0.1
73.0979	0.1
74.4962	0.1
64.1954	0.1
60.7072	0.1
82.5355	0.1
106.894	0.1
122.5	0.1
129.241	0.1
128.069	0.1
127.118	0.1
129.305	0.1
134.275	0.1
140.865	0.1
160.227	0.1
225.143	0.1
439.491	0.1
1802.54	0.1
2925.79	0.099
2803.61	0.098
2710.41	0.097
2630.07	0.096
2566.64	0.095
2510.86	0.094
2459.57	0.093
2411.85	0.092
2367.17	0.091
2325.29	0.09
2285.87	0.089
2248.59	0.088
2213.2	0.087
2179.49	0.086
2147.28	0.085
2116.39	0.084
2086.72	0.083
2058.15	0.082
2030.58	0.081
2003.94	0.08
1978.19	0.079
1953.27	0.078
1929.12	0.077
1905.67	0.076
1882.86	0.075
1860.65	0.074
1839	0.073
1817.83	0.072
1797.11	0.071
1776.78	0.07
1756.8	0.069
1737.11	0.068
1717.66	0.067
1698.41	0.066
1679.34	0.065
1660.4	0.064
1641.56	0.063
1622.8	0.062
1604.06	0.061
1585.32	0.06
1566.51	0.059
1547.59	0.058
1528.54	0.057
1509.32	0.056
1489.89	0.055
1470.23	0.054
1450.27	0.053
1429.96	0.052
1409.28	0.051
1388.17	0.05
1366.59	0.049
1344.47	0.048
1321.79	0.047
1298.5	0.046
1274.57	0.045
1249.96	0.044
1224.66	0.043
1198.62	0.042
1171.83	0.041
1144.25	0.04
1115.83	0.039
1086.56	0.038
1056.38	0.037
1025.25	0.036
993.137	0.035
960.375	0.034
928.09	0.033
894.455	0.032
858.364	0.031
821.282	0.03
783.172	0.029
743.997	0.028
703.732	0.027
662.328	0.026
619.794	0.025
576.206	0.024
531.576	0.023
485.882	0.022
439.123	0.021
391.397	0.02
342.941	0.019
294.096	0.018
245.153	0.017
200.322	0.016
172.279	0.015
158.108	0.014
148.062	0.013
147.593	0.012
155.288	0.011
174.31	0.01
206.739	0.009
242.589	0.008
278.162	0.007
313.534	0.006
348.661	0.005
383.431	0.004
417.863	0.003
452.078	0.002
486.043	0.001
519.631	4.71845e-16
552.736	-0.001
585.226	-0.002
616.899	-0.003
647.627	-0.004
677.463	-0.005
706.481	-0.006
734.689	-0.007
762.089	-0.008
788.687	-0.009
814.486	-0.01
839.484	-0.011
863.683	-0.012
887.089	-0.013
909.709	-0.014
931.555	-0.015
952.641	-0.016
972.977	-0.017
992.575	-0.018
1011.45	-0.019
1029.61	-0.02
1047.07	-0.021
1063.86	-0.022
1079.99	-0.023
1095.48	-0.024
1110.36	-0.025
1124.66	-0.026
1138.44	-0.027
1151.72	-0.028
1164.53	-0.029
1176.89	-0.03
1188.83	-0.031
1200.46	-0.032
1210.25	-0.033
1219.84	-0.034
1231.01	-0.035
1242.04	-0.036
1252.76	-0.037
1263.28	-0.038
1273.65	-0.039
1283.97	-0.04
1294.28	-0.041
1304.63	-0.042
1315.06	-0.043
1325.59	-0.044
1336.26	-0.045
1347.08	-0.046
1358.08	-0.047
1369.28	-0.048
1380.71	-0.049
1392.4	-0.05
1404.36	-0.051
1416.62	-0.052
1429.21	-0.053
1442.15	-0.054
1455.45	-0.055
1469.13	-0.056
1483.21	-0.057
1497.7	-0.058
1512.63	-0.059
1528	-0.06
1543.82	-0.061
1560.1	-0.062
1576.86	-0.063
1594.11	-0.064
1611.86	-0.065
1630.13	-0.066
1648.92	-0.067
1668.26	-0.068
1688.15	-0.069
1708.62	-0.07
1729.69	-0.071
1751.38	-0.072
1773.72	-0.073
1796.71	-0.074
1820.39	-0.075
1844.78	-0.076
1869.91	-0.077
1895.83	-0.078
1922.59	-0.079
1950.24	-0.08
1978.86	-0.081
2008.51	-0.082
2039.26	-0.083
2071.2	-0.084
2104.4	-0.085
2139	-0.086
2175.15	-0.087
2213.02	-0.088
2252.86	-0.089
2294.97	-0.09
2339.61	-0.091
2387.11	-0.092
2437.72	-0.093
2491.92	-0.094
2550.66	-0.095
2617.08	-0.096
2700.56	-0.097
2797.11	-0.098
25.9603	-0.005
24.4778	-0.004
22.8212	-0.003
20.9633	-0.002
18.8557	-0.001
17.0252	-4.71845e-16
16.4645	0.001
16.7485	0.002
16.8421	0.003
16.6375	0.004
16.3189	0.005
16.6559	0.006
18.2582	0.007
20.3378	0.008
22.1775	0.009
23.8206	0.01
25.2911	0.011
26.6054	0.012
27.7773	0.013
28.8176	0.014
29.734	0.015
30.53	0.016
31.2089	0.017
31.7768	0.018
32.2374	0.019
32.5917	0.02
32.8436	0.021
33.0003	0.022
33.0718	0.023
33.0646	0.024
32.9782	0.025
32.8126	0.026
32.574	0.027
32.2707	0.028
31.9103	0.029
31.4991	0.03
31.0465	0.031
30.5655	0.032
30.0301	0.033
29.4192	0.034
28.7705	0.035
28.091	0.036
27.3625	0.037
26.5856	0.038
25.758	0.039
24.8747	0.04
23.9291	0.041
22.9125	0.042
21.8141	0.043
20.6207	0.044
19.3168	0.045
17.8851	0.046
16.3067	0.047
14.5596	0.048
12.6135	0.049
10.4159	0.05
7.82684	0.051
4.7505	0.052
4.30578	0.053
6.48247	0.054
7.9655	0.055
8.74187	0.056
9.08812	0.057
9.1667	0.058
9.1043	0.059
8.97182	0.06
8.79831	0.061
8.59881	0.062
8.35182	0.063
8.03551	0.064
7.64565	0.065
7.21905	0.066
6.83138	0.067
6.59375	0.068
6.63072	0.069
6.96123	0.07
7.51362	0.071
8.213	0.072
8.95175	0.073
9.61744	0.074
10.1193	0.075
10.2838	0.076
9.98128	0.077
9.06125	0.078
7.18052	0.079
4.65414	0.08
5.54174	0.081
9.11671	0.082
11.547	0.083
13.3822	0.084
14.7662	0.085
15.7879	0.086
16.5205	0.087
17.0631	0.088
17.7419	0.089
19.1966	0.09
21.8347	0.091
25.7827	0.092
30.0806	0.093
33.3601	0.094
32.5011	0.095
21.5935	0.096
28.8462	0.097
55.2931	0.098
91.1425	0.099
309.744	0.1
497.769	0.1
485.821	0.1
474.099	0.1
466.049	0.1
461.005	0.1
457.551	0.1
454.731	0.1
452.119	0.1
449.547	0.1
446.985	0.1
444.443	0.1
441.933	0.1
439.452	0.1
436.986	0.1
434.519	0.1
432.095	0.1
429.95	0.1
428.03	0.1
426.097	0.1
424.155	0.1
422.199	0.1
420.224	0.1
418.218	0.1
416.17	0.1
414.08	0.1
411.958	0.1
409.821	0.1
407.686	0.1
405.551	0.1
403.398	0.1
401.196	0.1
398.925	0.1
396.585	0.1
394.188	0.1
391.756	0.1
389.302	0.1
386.835	0.1
384.362	0.1
381.883	0.1
379.395	0.1
376.889	0.1
374.354	0.1
371.793	0.1
369.221	0.1
366.658	0.1
364.115	0.1
361.598	0.1
359.096	0.1
356.583	0.1
354.024	0.1
351.383	0.1
348.638	0.1
345.791	0.1
342.87	0.1
339.926	0.1
337.008	0.1
334.134	0.1
331.28	0.1
328.402	0.1
325.489	0.1
322.579	0.1
319.74	0.1
317.055	0.1
314.665	0.1
312.833	0.1
312.003	0.1
307.397	0.1
301.212	0.1
298.012	0.1
295.01	0.1
292.061	0.1
289.123	0.1
286.182	0.1
283.235	0.1
280.298	0.1
277.398	0.1
274.557	0.1
271.773	0.1
269.037	0.1
266.332	0.1
263.639	0.1
260.933	0.1
258.2	0.1
255.451	0.1
252.7	0.1
249.944	0.1
247.174	0.1
244.414	0.1
241.708	0.1
239.059	0.1
236.411	0.1
233.715	0.1
230.967	0.1
228.184	0.1
225.373	0.1
222.51	0.1
219.598	0.1
216.657	0.1
213.712	0.1
210.815	0.1
207.989	0.1
205.221	0.1
202.498	0.1
199.812	0.1
196.898	0.1
193.456	0.1
189.731	0.1
186.068	0.1
182.524	0.1
179.086	0.1
175.715	0.1
172.372	0.1
169.12	0.1
165.983	0.1
162.964	0.1
160.157	0.1
157.465	0.1
154.713	0.1
151.845	0.1
148.881	0.1
146.005	0.1
143.432	0.1
140.848	0.1
138.242	0.1
135.921	0.1
133.631	0.1
131.262	0.1
129.093	0.1
127.098	0.1
125.042	0.1
122.916	0.1
120.75	0.1
119.624	0.1
118.194	0.1
115.79	0.1
113.981	0.1
112.285	0.1
110.642	0.1
109.093	0.1
107.56	0.1
14.1078	-0.072
13.8769	-0.071
13.2728	-0.07
12.368	-0.069
11.224	-0.068
9.96432	-0.067
8.72611	-0.066
7.6306	-0.065
6.84055	-0.064
6.50783	-0.063
6.69063	-0.062
7.32679	-0.061
8.23592	-0.06
9.17307	-0.059
9.93341	-0.058
10.4591	-0.057
10.7884	-0.056
10.9635	-0.055
11.0641	-0.054
11.1455	-0.053
11.2242	-0.052
11.2964	-0.051
11.2461	-0.05
10.9308	-0.049
10.2243	-0.048
8.90562	-0.047
6.49719	-0.046
4.96553	-0.045
7.00763	-0.044
10.5053	-0.043
13.2488	-0.042
15.6181	-0.041
17.7149	-0.04
19.5833	-0.039
21.2527	-0.038
22.7479	-0.037
24.0914	-0.036
25.3012	-0.035
26.3998	-0.034
27.3954	-0.033
28.2849	-0.032
29.0989	-0.031
29.8644	-0.03
30.5788	-0.029
31.2406	-0.028
31.8492	-0.027
32.4043	-0.026
32.9042	-0.025
33.3459	-0.024
33.7262	-0.023
34.0414	-0.022
34.2845	-0.021
34.4473	-0.02
34.5248	-0.019
34.5182	-0.018
34.4309	-0.017
34.2597	-0.016
33.9976	-0.015
33.6402	-0.014
33.1869	-0.013
32.6401	-0.012
32.0033	-0.011
31.2757	-0.01
30.4505	-0.009
29.5183	-0.008
28.4679	-0.007
27.2861	-0.006
25.9603	-0.005
14.1078	-0.072
13.8697	-0.073
13.1486	-0.074
11.9056	-0.075
10.0119	-0.076
6.82282	-0.077
5.54216	-0.078
8.17494	-0.079
11.2332	-0.08
13.2834	-0.081
14.6898	-0.082
15.578	-0.083
16.0535	-0.084
16.1437	-0.085
15.9704	-0.086
15.7401	-0.087
15.7187	-0.088
16.489	-0.089
18.5464	-0.09
21.8435	-0.091
26.1791	-0.092
30.6003	-0.093
34.1215	-0.094
33.6124	-0.095
22.7044	-0.096
28.3381	-0.097
53.5098	-0.098
88.294	-0.099
288.563	-0.1
458.241	-0.1
443.445	-0.1
428.401	-0.1
416.965	-0.1
409.914	-0.1
405.748	-0.1
402.376	-0.1
399.447	-0.1
396.78	-0.1
394.293	-0.1
391.938	-0.1
389.679	-0.1
387.475	-0.1
385.288	-0.1
383.096	-0.1
380.904	-0.1
378.734	-0.1
376.606	-0.1
374.524	-0.1
372.474	-0.1
370.448	-0.1
368.45	-0.1
366.485	-0.1
364.548	-0.1
362.62	-0.1
360.679	-0.1
358.714	-0.1
356.724	-0.1
354.711	-0.1
352.675	-0.1
350.616	-0.1
348.547	-0.1
346.486	-0.1
344.446	-0.1
342.424	-0.1
340.405	-0.1
338.375	-0.1
336.327	-0.1
334.267	-0.1
332.205	-0.1
330.15	-0.1
328.109	-0.1
326.079	-0.1
324.05	-0.1
322.015	-0.1
319.975	-0.1
317.938	-0.1
315.901	-0.1
313.859	-0.1
311.806	-0.1
309.746	-0.1
307.675	-0.1
305.586	-0.1
303.471	-0.1
301.329	-0.1
299.174	-0.1
297.02	-0.1
294.881	-0.1
292.761	-0.1
290.659	-0.1
288.578	-0.1
286.548	-0.1
284.651	-0.1
283.03	-0.1
281.925	-0.1
281.737	-0.1
278.081	-0.1
272.934	-0.1
270.474	-0.1
268.182	-0.1
265.941	-0.1
263.697	-0.1
261.428	-0.1
259.142	-0.1
256.835	-0.1
254.481	-0.1
252.073	-0.1
249.645	-0.1
247.254	-0.1
244.947	-0.1
242.717	-0.1
240.522	-0.1
238.318	-0.1
236.082	-0.1
233.83	-0.1
231.612	-0.1
229.461	-0.1
227.34	-0.1
225.166	-0.1
222.927	-0.1
220.675	-0.1
218.388	-0.1
216.056	-0.1
213.742	-0.1
211.483	-0.1
209.269	-0.1
207.076	-0.1
204.896	-0.1
202.695	-0.1
200.44	-0.1
198.174	-0.1
195.966	-0.1
193.825	-0.1
191.692	-0.1
189.525	-0.1
187.341	-0.1
185.183	-0.1
183.066	-0.1
180.995	-0.1
178.992	-0.1
176.952	-0.1
174.782	-0.1
172.338	-0.1
169.68	-0.1
167.051	-0.1
164.447	-0.1
161.853	-0.1
159.259	-0.1
156.601	-0.1
153.897	-0.1
151.26	-0.1
148.694	-0.1
146.044	-0.1
143.298	-0.1
140.543	-0.1
137.979	-0.1
135.616	-0.1
133.17	-0.1
130.816	-0.1
128.506	-0.1
126.056	-0.1
123.82	-0.1
122.824	-0.1
121.584	-0.1
119.252	-0.1
117.207	-0.1
115.463	-0.1
113.859	-0.1
112.199	-0.1
110.596	-0.1
109.073	-0.1
107.527	-0.1
105.78	-0.1
103.979	-0.1
102.515	-0.1
101.258	-0.1
99.9984	-0.1
98.6287	-0.1
97.2803	-0.1
95.9098	-0.1
94.5114	-0.1
93.0784	-0.1
91.8647	-0.1
91.344	-0.1
91.0718	-0.1
90.755	-0.1
90.4	-0.1
89.9429	-0.1
89.3671	-0.1
88.6074	-0.1
87.6788	-0.1
86.6639	-0.1
85.5679	-0.1
84.4055	-0.1
83.1849	-0.1
81.9315	-0.1
80.6846	-0.1
79.4384	-0.1
78.1417	-0.1
76.7548	-0.1
75.2719	-0.1
73.691	-0.1
72.0165	-0.1
70.23	-0.1
68.3538	-0.1
66.4857	-0.1
64.7046	-0.1
63.0238	-0.1
61.5623	-0.1
60.7501	-0.1
61.2346	-0.1
63.8156	-0.1
68.608	-0.1
73.4384	-0.1
73.7599	-0.1
61.3777	-0.1
61.8359	-0.1
87.8224	-0.1
110.938	-0.1
125.712	-0.1
131.473	-0.1
129.959	-0.1
128.845	-0.1
131.059	-0.1
136.074	-0.1
142.669	-0.1
162.044	-0.1
226.819	-0.1
440.967	-0.1
1803.29	-0.1
2923.43	-0.099
2797.11	-0.098
)
