(title "Static Temperature")
(labels "Position" "Static Temperature")

((xy/key/label "bow_normal")
-0.117626	249.59
-0.125988	249.966
-0.1273	250.035
-0.127832	250.033
-0.138192	249.998
-0.141522	249.999
-0.150403	250
-0.158227	250
-0.160669	250
-0.169744	250
-0.176153	250
-0.182512	250
-0.193131	250
-0.197902	250
-0.2	250
-0.100947	1453.16
-0.103096	1444.44
-0.0968843	1476.42
-0.0952144	1478.33
-0.0898939	1482.53
-0.0884269	1483.68
-0.0828378	1487.4
-0.0800951	1489.3
-0.0762339	1491.64
-0.0718772	1494.24
-0.0691686	1495.73
-0.0670581	1496.84
-0.0651788	1497.73
-0.0615258	1499.54
-0.060984	1499.79
-0.0547805	1502.49
-0.0546459	1502.54
-0.0514555	1503.7
-0.0483049	1504.87
-0.0481568	1504.92
-0.0479599	1504.98
-0.0441777	1506.13
-0.0418529	1506.84
-0.0404733	1507.21
-0.0389273	1507.62
-0.0367871	1508.15
-0.0354551	1508.48
-0.034149	1508.75
-0.0319749	1509.2
-0.0307874	1509.45
-0.0304397	1509.52
-0.0287646	1509.83
-0.0281653	1509.94
-0.0267113	1510.17
-0.0254526	1510.37
-0.0235753	1510.62
-0.0218804	1510.85
-0.0205565	1511
-0.0186062	1511.23
-0.0182715	1511.27
-0.0169975	1511.39
-0.0163912	1511.45
-0.0151869	1511.55
-0.0143822	1511.61
-0.0134151	1511.67
-0.0119231	1511.76
-0.011645	1511.77
-0.0109371	1511.81
-0.0098362	1511.85
-0.00909693	1511.88
-0.00810871	1511.91
-0.00684062	1511.94
-0.00643129	1511.94
-0.00627763	1511.95
-0.0050173	1511.97
-0.00473872	1511.97
-0.00446328	1511.97
-0.00419094	1511.97
-0.00392167	1511.97
-0.00365542	1511.96
-0.00339215	1511.96
-0.00313183	1511.95
-0.00287442	1511.94
-0.00261989	1511.93
-0.0023682	1511.92
-0.00211932	1511.91
-0.0018732	1511.89
-0.00162982	1511.87
-0.00138914	1511.84
-0.00115113	1511.8
-0.000915763	1511.74
-0.000682995	1511.68
-0.0004528	1511.65
-0.000225145	1511.77
-1.94289e-16	1512.44
-0.112604	260.113
-0.113699	250.807
-0.114335	250.706
-0.117626	249.59
-0.104973	1232.64
-0.106672	1016.01
-0.103096	1444.44
-0.111855	280.017
-0.112604	260.113
-0.11142	282.604
-0.110012	309.365
-0.10837	519.822
-0.108342	524.792
-0.108314	531.037
-0.106672	1016.01
)
