(title "Static Temperature")
(labels "Static Temperature" "Position")

((xy/key/label "x0.01")
598.002	0.138
596.859	0.137585
586.5	0.133982
584.66	0.133328
584.519	0.133261
575.845	0.130977
575.515	0.130874
565.976	0.128625
565.124	0.128406
549.967	0.125478
548.67	0.125202
531.357	0.122341
524.373	0.121371
508.878	0.119435
499.489	0.118331
484.393	0.116852
476.216	0.116057
460.559	0.114725
458.045	0.114518
449.697	0.113898
429.04	0.112305
421.631	0.111791
406.8	0.110791
399.693	0.1103
396.683	0.110086
382.103	0.108973
376.646	0.108538
356.534	0.107092
356.116	0.107061
356.006	0.107054
338.497	0.105861
336.71	0.105756
326.271	0.10515
321.353	0.104857
317.16	0.104568
313.03	0.104283
308.72	0.104002
307.015	0.103897
304.417	0.103725
300.13	0.103452
295.813	0.103182
291.611	0.102917
287.742	0.102655
286.511	0.102545
284.914	0.102397
283.264	0.102142
282.775	0.10189
283.939	0.101643
287.719	0.101398
293.06	0.101247
296.158	0.101157
311.7	0.100919
332.552	0.100685
346.557	0.100453
336.989	0.100225
300	0.1
)

((xy/key/label "x0.02")
544.338	0.138
543.656	0.137809
537.223	0.136153
526.963	0.13416
518.387	0.132447
514.134	0.131741
505.93	0.130375
499.181	0.129227
493.998	0.128322
491.871	0.127998
475.216	0.125366
465.104	0.124088
457.627	0.123122
438.623	0.121079
433.421	0.120507
430.973	0.120269
410.844	0.118327
394.201	0.116899
393.202	0.116811
392.291	0.116734
387.1	0.116281
367.879	0.114587
362.609	0.114113
353.026	0.113239
338.196	0.111882
328.189	0.111027
312.703	0.109674
310.905	0.109518
308.95	0.10934
296.468	0.108187
290.934	0.107621
287.264	0.107254
280.912	0.106353
279.119	0.10604
279.187	0.105874
277.752	0.10512
279.156	0.10483
279.479	0.104791
281.491	0.104544
284.445	0.104262
287.729	0.103984
291.129	0.103709
294.48	0.103438
297.687	0.103171
298.198	0.103128
300.734	0.102907
303.538	0.102647
306.458	0.10239
310.787	0.102137
318.938	0.101887
333.464	0.10164
342.565	0.101532
353.834	0.101396
373.305	0.101156
382.133	0.100919
374.905	0.100684
354.411	0.100453
327.725	0.100225
300	0.1
)

((xy/key/label "x0.03")
496.521	0.138
491.923	0.137111
477.542	0.134294
465.167	0.132096
462.569	0.131632
453.472	0.130032
441.496	0.128137
426.161	0.12601
417.178	0.12479
404.378	0.123285
393.122	0.121921
381.811	0.120663
374.307	0.119823
370.488	0.119418
359.102	0.118161
346.143	0.116806
341.233	0.116281
336.705	0.115829
327.474	0.114884
306.226	0.112598
305.315	0.1125
304.753	0.112435
292.328	0.110938
284.951	0.109931
280.692	0.109375
278.841	0.10902
276.367	0.10839
281.807	0.107291
281.925	0.107212
282.607	0.107152
289.973	0.106616
298.189	0.106014
299.859	0.105865
309.017	0.105096
311.609	0.104809
314.047	0.104525
316.271	0.104245
318.387	0.103969
319.122	0.103881
320.659	0.103697
323.046	0.103428
325.558	0.103162
328.429	0.1029
332.664	0.102641
340.309	0.102385
353.718	0.102133
371.735	0.101898
372.868	0.101883
392.975	0.101637
406.592	0.101395
408.584	0.101155
398.341	0.100918
378.72	0.100684
353.727	0.100453
326.812	0.100225
300	0.1
)

((xy/key/label "x0.04")
458.986	0.138
450.597	0.136333
446.213	0.135526
436.894	0.133781
410.862	0.129213
410.657	0.129177
410.578	0.129163
410.495	0.12915
397.957	0.127127
390.798	0.126086
380.159	0.124572
371.897	0.123444
360.983	0.12199
354.371	0.121092
351.089	0.120663
338.906	0.11912
326.27	0.117544
323.857	0.117252
321.413	0.116948
305.504	0.114931
287.895	0.112583
287.262	0.1125
287.04	0.112456
280.653	0.110937
283.599	0.109688
284.625	0.109375
288.426	0.108881
296.736	0.107811
302.34	0.107112
308.374	0.106323
318.585	0.10515
319.249	0.105077
321.334	0.104894
322.477	0.104792
325.962	0.10451
329.721	0.104232
333.709	0.103958
337.791	0.103687
341.862	0.103419
345.938	0.103155
350.386	0.102894
356.44	0.102636
366.349	0.102389
366.675	0.102381
383.377	0.102129
404.242	0.101881
423.04	0.101636
435.142	0.101393
438.532	0.101154
432.485	0.100917
417.335	0.100684
390.948	0.100453
350.245	0.100225
300	0.1
)

((xy/key/label "x0.05")
429.694	0.138
424.19	0.136843
412.406	0.134493
407.318	0.133437
397.243	0.131459
394.055	0.130837
391.752	0.130429
373.162	0.127097
371.283	0.126786
358.711	0.124699
353.412	0.123863
347.981	0.12299
331.561	0.120553
330.023	0.120314
324.397	0.119495
312.506	0.117765
310.022	0.11742
305.412	0.116741
295.171	0.115194
288.577	0.114013
285.673	0.113346
284.526	0.112021
284.235	0.111824
284.838	0.111647
292.071	0.109969
297.321	0.109131
301.136	0.108512
307.143	0.107591
311.048	0.107083
320.112	0.106147
327.478	0.10552
333.277	0.105062
337.53	0.104778
342.261	0.104498
347.222	0.104222
352.424	0.103949
357.916	0.103679
363.645	0.103412
369.534	0.103149
371.22	0.10308
375.908	0.102889
384.536	0.102632
398.251	0.102378
416.668	0.102127
436.111	0.101879
453.408	0.101634
465.514	0.101392
469.637	0.101153
465.147	0.100917
452.616	0.100684
428.028	0.100453
378.47	0.100225
300	0.1
)

((xy/key/label "x0.06")
407.544	0.138
400.527	0.136396
394.593	0.135077
383.002	0.132445
380.485	0.131903
364.169	0.12851
360.969	0.127889
345.452	0.125036
342.592	0.12454
338.281	0.1238
327.914	0.121979
314.387	0.119643
313.036	0.119413
310.075	0.11889
299.62	0.11704
297.342	0.116507
289.979	0.114675
289.324	0.113632
289.932	0.112332
293.724	0.111259
294.401	0.11111
298.856	0.11023
303.996	0.109456
311.036	0.108461
319.134	0.107651
329.3	0.106747
337.496	0.106112
349.995	0.105223
352.441	0.105049
356.973	0.104767
362.008	0.104488
367.392	0.104213
369.249	0.104125
373.111	0.103941
379.181	0.103672
385.635	0.103407
392.678	0.103144
401.422	0.102885
413.958	0.102628
430.245	0.102375
447.958	0.102125
465.242	0.101877
479.893	0.101633
489.139	0.101391
491.306	0.101153
486.512	0.100917
475.026	0.100683
452.359	0.100453
399.002	0.100225
300	0.1
)

((xy/key/label "x0.07")
391.122	0.138
388.668	0.137384
385.22	0.136546
377.163	0.134559
376.568	0.134419
368.636	0.132523
364.226	0.131478
358.784	0.130208
349.846	0.128214
348.047	0.127804
346.172	0.127401
334.755	0.125
329.179	0.123832
322.896	0.122589
319.318	0.121875
313.017	0.120631
304.714	0.119019
302.262	0.118544
298.73	0.11767
294.973	0.116758
292.679	0.115495
291.609	0.114863
291.879	0.11461
293.086	0.113779
297.039	0.112844
300.414	0.111973
307.929	0.11081
308.478	0.11073
308.807	0.110694
321.694	0.109219
328.184	0.108563
336.238	0.107757
345.243	0.106893
347.062	0.106714
348.981	0.106541
357.511	0.105797
365.689	0.105198
368.881	0.104966
373.531	0.10469
378.736	0.104415
384.357	0.104143
390.399	0.103876
396.933	0.103612
404.21	0.103351
413.286	0.103093
425.844	0.102838
441.387	0.102586
457.802	0.102337
474.061	0.102091
488.873	0.101848
500.119	0.101607
506.13	0.10137
506.343	0.101135
501.1	0.100902
490.049	0.100673
468.503	0.100446
412.927	0.100222
300	0.1
)

((xy/key/label "x0.08")
300	0.1
425.669	0.100224
482.084	0.10045
502.169	0.100679
512.614	0.100911
517.834	0.101145
518.498	0.101382
514.278	0.101621
505.266	0.101863
492.391	0.102109
477.224	0.102357
461.29	0.102607
445.33	0.102861
430.506	0.103118
418.859	0.103377
410.385	0.10364
403.447	0.103906
397.251	0.104174
391.6	0.104446
386.468	0.104721
382.146	0.105
367.504	0.106225
367.243	0.106246
367.122	0.106258
353.21	0.107658
348.393	0.108233
340.458	0.109185
334.385	0.109974
330.94	0.110388
324.971	0.1111
313.945	0.11237
309.827	0.112865
302.813	0.114037
299.334	0.114584
298.364	0.114935
296.482	0.116637
299.3	0.118013
301.66	0.118878
307.716	0.120442
309.799	0.120995
311.4	0.121377
318.766	0.123047
326.911	0.124917
327.269	0.125
327.83	0.125139
338.808	0.127801
342.832	0.128778
354.81	0.131863
355.954	0.132149
358.263	0.132743
368.331	0.135361
372.237	0.13643
378.086	0.138
)

((xy/key/label "x0.09")
300	0.1
434.99	0.100225
491.739	0.100452
510.689	0.100682
520.475	0.100915
525.452	0.10115
526.526	0.101388
523.457	0.101628
516.105	0.101871
504.924	0.102117
491.011	0.102366
475.843	0.102618
460.366	0.102872
444.931	0.10313
431.119	0.10339
420.753	0.103653
413.163	0.10392
406.829	0.104189
401.226	0.104461
396.309	0.104737
392.287	0.105016
384.956	0.105656
381.219	0.105986
370.949	0.107083
369.302	0.107258
369.055	0.107287
366.452	0.107684
355.767	0.109294
355.113	0.109397
354.148	0.109574
346.908	0.110937
343.379	0.111474
335.83	0.1125
326.4	0.113446
320.294	0.114062
308.173	0.115369
305.635	0.115625
304.49	0.115851
299.493	0.117188
299.773	0.117953
300.407	0.11875
303.642	0.120055
304.866	0.120465
310.696	0.122129
312.708	0.122638
320.132	0.124576
322.534	0.125205
325.499	0.126011
333.569	0.128196
335.428	0.128703
343.789	0.13104
348.76	0.132457
353.67	0.133907
359.208	0.135589
366.579	0.13772
367.518	0.138
)

((xy/key/label "x0.1")
300	0.1
440.298	0.100225
497.477	0.100453
515.988	0.100683
525.398	0.100916
530.276	0.101151
531.729	0.101389
529.674	0.10163
523.878	0.101873
514.493	0.102119
502.168	0.102368
488.032	0.10262
473.295	0.102874
458.366	0.103132
443.613	0.103392
431.127	0.103655
422.209	0.103922
415.599	0.104191
410.046	0.104463
405.213	0.104739
401.193	0.105017
389.22	0.1061
388.962	0.106124
388.633	0.106164
375.627	0.107761
368.153	0.109237
367.463	0.109375
366.955	0.109521
361.85	0.110938
356.589	0.112311
355.87	0.1125
354.48	0.112693
344.947	0.114008
337.668	0.114773
323.741	0.11606
317.222	0.116667
311.462	0.117459
303.307	0.11875
303.254	0.119721
303.164	0.120411
310.928	0.123005
311.133	0.123074
316.43	0.12465
321.95	0.126339
328.144	0.12818
334.035	0.13005
337.76	0.131216
342.155	0.132642
348.001	0.134498
354.837	0.136737
357.979	0.137732
358.816	0.138
)
