(title "Static Pressure")
(labels "Position" "Static Pressure")

((xy/key/label "boundary_layer_determination")
0.0597499	27288
0.0587421	26861.1
0.0577341	26439.2
0.0567261	26020.1
0.0557179	25606.7
0.0547096	25200.2
0.0537013	24801.9
0.0526928	24410.5
0.0516842	24021.5
0.0506754	23640.8
0.0496666	23272.9
0.0486577	22912.6
0.0476486	22560.9
0.0466394	22216.4
0.0456301	21879.2
0.0446206	21554.5
0.0436111	21243.7
0.0426014	20943.5
0.0415915	20652.3
0.0405815	20375.2
0.0395714	20109.3
0.0385611	19855.1
0.0375507	19612.5
0.0365401	19385
0.0355294	19170.2
0.0345185	18966.2
0.0335074	18777.5
0.0324962	18601.9
0.0314848	18439.1
0.0304732	18289.6
0.0294615	18152.9
0.0284496	18027.6
0.0274375	17911.5
0.0264252	17805.4
0.0254127	17710.3
0.0244	17626.6
0.0233871	17555.3
0.022374	17489.4
0.0213606	17423
0.0203471	17368.7
0.0193333	17330.3
0.0183193	17306.4
0.0173051	17293.5
0.0162906	17251.8
0.0152758	17168.3
0.0142609	17011
0.0132456	16455.7
0.0122301	14736.6
0.0112143	11737
0.0101982	8746.32
0.00918185	6970.54
0.00816516	6392.52
0.00714818	6434.08
0.00613087	6866.02
0.00511324	7998.53
0.00409527	10720.8
0.00307695	17053.9
0.00205828	32142.7
0.00103925	72430.7
0.000222657	161229
1.97147e-05	183506
2.13215e-12	188148
0.0597499	27288
0.0607577	27724.9
0.0617654	28167.2
0.062773	28608.8
0.0637804	29054.9
0.0647878	29506.9
0.0657951	29960.5
0.0668023	30420
0.0678095	30885.7
0.0688165	31352.1
0.0698235	31822.7
0.0708304	32297.1
0.0718372	32774.1
0.0728439	33253.9
0.0738505	33737.5
0.0748571	34225.2
0.0758636	34715.1
0.07687	35208.1
0.0778764	35704.1
0.0788826	36201.6
0.0798888	36701.3
0.080895	37202.5
0.0819011	37703
0.0829071	38202.8
0.083913	38702.3
0.0849189	39201.6
0.0859247	39701.5
0.0869304	40201.7
0.0879361	40702
0.0889418	41202.1
0.0899473	41701.4
0.0909528	42200.1
0.0919583	42698
0.0929637	43194.3
0.093969	43687.6
0.0949743	44176.9
0.0959795	44662.3
0.0969847	45143.9
0.0979899	45622.2
0.0989949	46098
0.1	46571.8
0.101005	47043.1
0.10201	47510.4
0.103015	47972.3
0.10402	48428
0.105026	48876.9
0.106031	49318.8
0.107036	49754
0.108042	50182.3
0.109047	50603.7
0.110053	51018.8
0.111058	51428.6
0.112064	51833.3
0.11307	52231.3
0.114075	52620.5
0.115081	53000.5
0.116087	53371.2
0.117093	53732.6
0.118099	54084.3
0.119105	54427.4
0.120111	54764.2
0.121117	55097.4
0.122124	55428.6
0.12313	55757.9
0.124136	56084.4
0.125143	56407
0.126149	56725.6
0.127156	57041.1
0.128163	57354.4
0.12917	57665.8
0.130177	57975.4
0.131183	58283.9
0.132191	58593.6
0.133198	58907.8
0.134205	59216.8
0.135212	59521
0.13622	59828.9
0.137227	60136.4
0.138235	60442.8
0.139242	60748.2
0.14025	61051.5
0.141258	61352
0.142266	61652.6
0.143274	61957.9
0.144282	62267.9
0.14529	62574.9
0.146299	62868.5
0.147307	63144
0.148316	63403.9
0.149325	63656.5
0.150333	63911.7
0.151342	64177.3
0.152351	64456.4
0.153361	64747.2
0.15437	65044
0.155379	65340
0.156389	65629
0.157399	65907.7
0.158408	66176.5
0.159418	66439.2
0.160429	66699.4
0.161439	66958.8
0.162449	67215.8
0.16346	67467.9
0.164471	67712.7
0.165482	67948.3
0.166493	68173.1
0.167504	68386.1
0.168515	68589.9
0.169527	68791
0.170538	68998.3
0.17155	69217.5
0.172563	69447.1
0.173575	69679
0.174587	69903.7
0.1756	70116.8
0.176613	70320.7
0.177626	70521.7
0.178639	70725.4
0.179653	70934
0.180667	71146.1
0.181681	71358
0.182695	71565.8
0.183709	71766.9
0.184724	71960.7
0.185739	72148
0.186754	72329.5
0.18777	72503.4
0.188786	72664.9
0.189802	72807.9
0.190818	72928.8
0.191835	73028
0.192852	73104.5
0.193869	73140.3
0.194887	73081.5
0.195905	72831.1
0.196923	72276.2
0.197942	71373.1
0.198961	69383.8
0.199777	65576.1
0.19998	64623.3
0.2	64258
)
