(title "Static Temperature")
(labels "Static Temperature" "Position")

((xy/key/label "x0.01")
13234.6	0.1
13412.8	0.100225
13520.7	0.100453
12986.3	0.100685
12078.2	0.100919
10925.9	0.101157
10410.7	0.101247
9527.89	0.101398
8105.43	0.101643
6761.53	0.10189
5510.39	0.102142
4382.83	0.102397
3844.73	0.102545
3458.48	0.102655
2789.97	0.102917
2277.67	0.103182
1886.47	0.103452
1595.66	0.103725
1475.7	0.103897
1410.27	0.104002
1298.74	0.104283
1210.79	0.104568
1144.21	0.104857
1086.75	0.10515
994.849	0.105756
980.966	0.105861
864.653	0.107054
864.061	0.107061
862.798	0.107092
800.759	0.108538
788.642	0.108973
768.909	0.110086
767.28	0.1103
768.525	0.110791
769.704	0.111791
774.792	0.112305
797.915	0.113898
806.865	0.114518
810.511	0.114725
838.299	0.116057
856.053	0.116852
886.287	0.118331
907.062	0.119435
940.424	0.121371
955.222	0.122341
991.067	0.125202
993.581	0.125478
1022.3	0.128406
1023.84	0.128625
1040.91	0.130874
1041.54	0.130977
1057.45	0.133261
1057.73	0.133328
1061.24	0.133982
1081.05	0.137585
1144.56	0.168
1143.08	0.166279
1141.64	0.16538
1139.58	0.163945
1131.09	0.157037
1129.37	0.156209
1119.35	0.150255
1117.76	0.149639
1113.66	0.148121
1106.83	0.145353
1104.66	0.144381
1098.62	0.142358
1091.91	0.140358
1084.61	0.138272
1081.05	0.137585
)

((xy/key/label "x0.02")
10857.3	0.1
10761.7	0.100225
10693.6	0.100453
10745.2	0.100684
10842.1	0.100919
10953.7	0.101156
11077.5	0.101396
11156.3	0.101532
11219.4	0.10164
11389.9	0.101887
11603.4	0.102137
11889.7	0.10239
12240.5	0.102647
12514.2	0.102907
12581.7	0.103128
12596.2	0.103171
12475.1	0.103438
12111.8	0.103709
11455.3	0.103984
10465.9	0.104262
9177.95	0.104544
7927.39	0.104791
7728.24	0.10483
6232.73	0.10512
3921.18	0.105874
3344.13	0.10604
2862.08	0.106353
1637.85	0.107254
1448.51	0.107621
1134.88	0.108187
923.55	0.10934
888.621	0.109518
872.62	0.109674
753.505	0.111027
724.804	0.111882
674.739	0.113239
670.984	0.114113
671.294	0.114587
689.479	0.116281
694.167	0.116734
695.169	0.116811
696.712	0.116899
722.043	0.118327
758.702	0.120269
763.127	0.120507
773.759	0.121079
812.545	0.123122
828.787	0.124088
850.688	0.125366
885.859	0.127998
890.353	0.128322
900.649	0.129227
913.99	0.130375
929.447	0.131741
937.419	0.132447
1094.48	0.168
1088.69	0.164536
1084.8	0.162904
1076.16	0.159096
1069.42	0.156932
1061.44	0.154273
1054.67	0.152326
1040.94	0.148367
1038.53	0.147796
1024.18	0.144848
1014.1	0.14265
1009.76	0.141801
983.443	0.137809
971.734	0.136153
953.035	0.13416
937.419	0.132447
)

((xy/key/label "x0.03")
9325.17	0.1
9221.43	0.100225
9227.22	0.100453
9306.39	0.100684
9388.24	0.100918
9473.83	0.101155
9564.84	0.101395
9662.62	0.101637
9768.41	0.101883
9775.3	0.101898
9884.89	0.102133
10012	0.102385
10149.8	0.102641
10298.1	0.1029
10457.2	0.103162
10622.4	0.103428
10770.7	0.103697
10829.6	0.103881
10858.2	0.103969
10833.8	0.104245
10666	0.104525
10283.4	0.104809
9496.54	0.105096
6894.73	0.105865
6404.7	0.106014
4865.31	0.106616
3480.03	0.107152
3341.9	0.107212
3244.58	0.107291
1738.93	0.10839
1379.91	0.10902
1178.04	0.109375
1065.71	0.109931
856.533	0.110938
755.659	0.112435
751.302	0.1125
748.106	0.112598
672.137	0.114884
656.866	0.115829
651.672	0.116281
651.517	0.116806
648.139	0.118161
656.774	0.119418
661.327	0.119823
673.789	0.120663
691.908	0.121921
713.052	0.123285
738.701	0.12479
757.649	0.12601
789.614	0.128137
814.274	0.130032
1043.62	0.168
1039.92	0.166497
1038.14	0.165916
1028.09	0.162615
1022.24	0.160653
1021.53	0.160425
1002.59	0.15522
1000.38	0.154625
994.161	0.153272
977.729	0.149814
953.906	0.145486
929.705	0.141861
906.387	0.139092
902.395	0.138602
898.105	0.138159
888.169	0.137111
861.777	0.134294
837.809	0.132096
832.767	0.131632
814.274	0.130032
)

((xy/key/label "x0.04")
8557.41	0.1
8450.33	0.100225
8454.77	0.100453
8507.97	0.100684
8561.46	0.100917
8616.8	0.101154
8674.5	0.101393
8734.8	0.101636
8797.64	0.101881
8862.62	0.102129
8928.8	0.102381
8930.92	0.102389
8995.11	0.102636
9058.79	0.102894
9116.99	0.103155
9163.82	0.103419
9186.07	0.103687
9166.25	0.103958
9091.41	0.104232
8944.17	0.10451
8657.99	0.104792
8482.74	0.104894
8171.83	0.105077
2669.88	0.107811
3942.67	0.107112
1756.79	0.108881
1335.49	0.109375
1244.62	0.109688
882.29	0.110938
747.338	0.112456
743.474	0.1125
740.802	0.112583
664.465	0.114931
641.436	0.116948
637.585	0.117252
996.112	0.168
989.814	0.165941
981.58	0.163859
968.268	0.160409
950.546	0.156536
940.755	0.154443
920.83	0.15078
909.461	0.148878
887.717	0.145553
876.473	0.143953
861.338	0.141897
846.144	0.140088
841.326	0.1395
827.78	0.138057
811.924	0.136333
803.666	0.135526
786.007	0.133781
733.485	0.129213
733.075	0.129177
732.915	0.129163
732.752	0.12915
707.588	0.127127
693.467	0.126086
675.242	0.124572
661.776	0.123444
648.644	0.12199
640.339	0.121092
638.133	0.120663
632.741	0.11912
636.036	0.117544
637.585	0.117252
8014.59	0.10515
8171.83	0.105077
5377.89	0.106323
3942.67	0.107112
)

((xy/key/label "x0.05")
950.689	0.168
949.721	0.167748
943.363	0.166028
937.074	0.164547
928.361	0.162435
917.7	0.160092
912.091	0.158854
900.977	0.156652
890.125	0.15449
875.614	0.151954
867.054	0.15046
845.309	0.147062
832.687	0.145228
802.125	0.141342
800.6	0.141141
800.063	0.141074
798.809	0.140934
763.235	0.136843
741.016	0.134493
731.474	0.133437
712.239	0.131459
706.098	0.130837
701.79	0.130429
668.119	0.127097
665.019	0.126786
646.516	0.124699
640.076	0.123863
635.124	0.12299
625.239	0.120553
624.48	0.120314
623.83	0.119495
622.033	0.117765
622.304	0.11742
627.455	0.116741
637.347	0.115194
662.233	0.114013
678.929	0.113346
763.161	0.112021
774.504	0.111824
804.488	0.111647
1087.69	0.109969
1475.96	0.109131
1894.11	0.108512
2896.61	0.107591
3668.11	0.107083
5252.53	0.106147
6351.01	0.10552
7134.79	0.105062
7529.18	0.104778
7819.84	0.104498
8009.27	0.104222
8136.67	0.103949
8221.45	0.103679
8273.48	0.103412
8284.91	0.103149
8279.53	0.10308
8263.79	0.102889
8234.15	0.102632
8199.59	0.102378
8162.08	0.102127
8123.17	0.101879
8083.88	0.101634
8044.83	0.101392
8006.33	0.101153
7968.42	0.100917
7930.93	0.100684
7892.62	0.100453
7879.57	0.100225
7957.18	0.1
)

((xy/key/label "x0.06")
909.446	0.168
893.832	0.164264
893.811	0.164259
893.797	0.164255
885.835	0.162308
876.072	0.160173
868.535	0.158535
844.409	0.154023
842.155	0.153588
839.385	0.153109
819.423	0.149789
816.786	0.149347
816.302	0.14927
786.393	0.144861
780.676	0.144084
752.399	0.140375
740.341	0.138897
720.35	0.136396
709.412	0.135077
688.485	0.132445
683.956	0.131903
658.725	0.12851
653.756	0.127889
635.953	0.125036
632.717	0.12454
629.197	0.1238
620.177	0.121979
610.413	0.119643
609.575	0.119413
609.562	0.11889
608.851	0.11704
612.761	0.116507
632.335	0.114675
656.772	0.113632
705.581	0.112332
787.454	0.111259
811.56	0.11111
982.243	0.11023
1267.09	0.109456
1781.81	0.108461
2464.92	0.107651
3512.65	0.106747
4410.68	0.106112
5855.98	0.105223
6144.53	0.105049
6582.73	0.104767
6923.16	0.104488
7157.1	0.104213
7210.15	0.104125
7320.24	0.103941
7434.95	0.103672
7513.1	0.103407
7563.52	0.103144
7581.74	0.102885
7575.49	0.102628
7561.68	0.102375
7542.92	0.102125
7520.96	0.101877
7497.09	0.101633
7472.19	0.101391
7446.85	0.101153
7421.46	0.100917
7396.25	0.100683
7371.2	0.100453
7362.27	0.100225
7420.17	0.1
)

((xy/key/label "x0.07")
872.685	0.168
858.064	0.164438
856.096	0.16398
848.99	0.162431
828.338	0.157859
822.943	0.15678
803.53	0.153106
795.545	0.151724
777.984	0.148802
764.791	0.146753
750.252	0.144591
732.256	0.141957
722.276	0.140568
699.776	0.137384
693.62	0.136546
679.644	0.134559
678.664	0.134419
665.703	0.132523
659.621	0.131478
651.809	0.130208
642.216	0.128214
640.375	0.127804
638.646	0.127401
628.338	0.125
622.627	0.123832
615.64	0.122589
611.358	0.121875
605.92	0.120631
598.207	0.119019
596.874	0.118544
600.304	0.11767
602.802	0.116758
614.58	0.115495
621.036	0.114863
624.866	0.11461
637.106	0.113779
666.537	0.112844
697.988	0.111973
800.534	0.11081
808.186	0.11073
817.775	0.110694
1160.7	0.109219
1495.25	0.108563
1918.93	0.107757
2695.96	0.106893
2845.88	0.106714
3048.85	0.106541
3972.4	0.105797
4886.37	0.105198
5243.95	0.104966
5669.65	0.10469
6011.24	0.104415
6267.17	0.104143
6462.52	0.103876
6614.09	0.103612
6729.13	0.103351
6812.71	0.103093
6870.63	0.102838
6907.21	0.102586
6928.2	0.102337
6939.92	0.102091
6944.84	0.101848
6944.85	0.101607
6941.31	0.10137
6935.36	0.101135
6927.79	0.100902
6919.4	0.100673
6911.19	0.100446
6915.46	0.100222
6965.3	0.1
)

((xy/key/label "x0.08")
841.588	0.168
839.805	0.16756
828.562	0.164903
822.428	0.163436
817.604	0.16236
797.512	0.157988
782.675	0.154977
766.186	0.151863
745.351	0.148166
741.209	0.147483
720.946	0.1442
718.729	0.143837
718.268	0.143761
695.643	0.140191
690.811	0.139404
672.446	0.13643
666.622	0.135361
654.223	0.132743
651.195	0.132149
650.081	0.131863
639.034	0.128778
635.515	0.127801
623.139	0.125139
622.502	0.125
621.982	0.124917
609.935	0.123047
601.107	0.121377
599.539	0.120995
599.234	0.120442
597.766	0.118878
601.202	0.118013
607.737	0.116637
621.719	0.114935
624.725	0.114584
631.975	0.114037
647.004	0.112865
667.363	0.11237
714.286	0.1111
779.371	0.110388
847.228	0.109974
1018.68	0.109185
1419.99	0.108233
1707.75	0.107658
2814.61	0.106258
2824.68	0.106246
2849.46	0.106225
4245.52	0.105
4647.64	0.104721
5039.54	0.104446
5365.43	0.104174
5629.02	0.103906
5840.1	0.10364
6007.44	0.103377
6138.28	0.103118
6238.12	0.102861
6312.31	0.102607
6367.55	0.102357
6409.9	0.102109
6440.47	0.101863
6461.22	0.101621
6475.9	0.101382
6486.15	0.101145
6493.18	0.100911
6498.12	0.100679
6502.21	0.10045
6519.82	0.100224
6561.54	0.1
)

((xy/key/label "x0.09")
814.087	0.168
813.148	0.167781
796.443	0.163826
790.183	0.162337
777.874	0.159548
776.136	0.159143
770.57	0.157957
749.572	0.153462
741.052	0.151783
715.628	0.146972
715.548	0.146958
702.313	0.144608
698.634	0.143984
677.282	0.140208
676.812	0.140123
665.629	0.13772
656.615	0.135589
651.307	0.133907
647.067	0.132457
642.764	0.13104
634.994	0.128703
633.12	0.128196
622.054	0.126011
618.024	0.125205
615.057	0.124576
605.906	0.122638
603.427	0.122129
600.435	0.120465
600.463	0.120055
602.22	0.11875
605.066	0.117953
607.653	0.117188
614.866	0.115851
616.089	0.115625
618.051	0.115369
627.993	0.114062
636.579	0.113446
650.246	0.1125
683.378	0.111474
701.04	0.110937
869.493	0.109574
890.277	0.109397
922.122	0.109294
1538.17	0.107684
1686.37	0.107287
1704.66	0.107258
1836.09	0.107083
2653.88	0.105986
2993.57	0.105656
3658.41	0.105016
3995.33	0.104737
4322.43	0.104461
4616.12	0.104189
4880.61	0.10392
5115.09	0.103653
5317.46	0.10339
5487.76	0.10313
5627.44	0.102872
5738.53	0.102618
5825.01	0.102366
5893.44	0.102117
5949.91	0.101871
5997.95	0.101628
6034.5	0.101388
6060.69	0.10115
6082.48	0.100915
6100.98	0.100682
6117.01	0.100452
6154.35	0.100225
6196.5	0.1
)

((xy/key/label "x0.1")
790.19	0.168
782.679	0.166058
770.934	0.163231
754.814	0.159446
749.188	0.158119
744.094	0.156983
720.629	0.151796
715.363	0.150708
701.826	0.147902
686.157	0.144839
684.337	0.144494
682.345	0.144092
674.327	0.142385
669.244	0.141006
659.232	0.138585
656.704	0.137732
653.762	0.136737
648.711	0.134498
643.811	0.132642
639.659	0.131216
635.346	0.13005
627.583	0.12818
619.452	0.126339
613.211	0.12465
608.66	0.123074
608.587	0.123005
607.548	0.120411
608.195	0.119721
609.246	0.11875
613.04	0.117459
615.45	0.116667
619.353	0.11606
627.429	0.114773
635.172	0.114008
650.662	0.112693
652.854	0.1125
657.95	0.112311
696.916	0.110938
817.158	0.109521
829.293	0.109375
862.722	0.109237
1228.93	0.107761
2138.15	0.106164
2160.83	0.106124
2182.12	0.1061
3183.1	0.105017
3517.68	0.104739
3846.37	0.104463
4130.82	0.104191
4380.27	0.103922
4603.31	0.103655
4802.82	0.103392
4979.36	0.103132
5132.81	0.102874
5262.2	0.10262
5367.18	0.102368
5451.34	0.102119
5520.92	0.101873
5580.23	0.10163
5631.49	0.101389
5676.45	0.101151
5716.92	0.100916
5754.99	0.100683
5784.12	0.100453
5834.43	0.100225
5875.05	0.1
)
